Epoch	AverageEpRet	StdEpRet	MaxEpRet	MinEpRet	EpLen	AverageVVals	StdVVals	MaxVVals	MinVVals	TotalEnvInteracts	LossPi	LossV	DeltaLossPi	DeltaLossV	Entropy	KL	ClipFrac	StopIter	Time
0	0.25438598	0.43551555	1.0	0.0	8.745614	0.26866886	0.03514354	0.39061004	0.1654591	1000	0.03431229	0.163505	0.012055032	-0.00067800283	0.8354707	-0.11282473	0.445	0.0	1.8415882587432861
1	0.28947368	0.45351815	1.0	0.0	8.710526	0.22234683	0.0016091007	0.22617975	0.21727113	2000	-0.02769615	0.17826614	-0.0054108445	-0.0009804666	0.82805073	0.03888554	0.0	0.0	2.823838472366333
2	0.25438598	0.43551555	1.0	0.0	8.745614	0.25382885	0.00019782379	0.25406876	0.25321013	3000	0.025088524	0.16380292	0.0006156992	-0.0009828806	0.72387683	0.007599769	0.0	0.0	3.878504753112793
3	0.33043477	0.4703697	1.0	0.0	8.669565	0.22276032	0.0007673337	0.22347242	0.21933036	4000	-0.06384299	0.19795303	-0.011325836	-0.0046557337	0.6867039	-0.18623774	0.5	79.0	5.366688013076782
4	0.2631579	0.44034737	1.0	0.0	8.736842	0.29103082	0.0016867284	0.2916389	0.2863302	5000	0.051640186	0.17035791	0.000119410455	-0.0037272125	0.92216134	0.25490886	0.608	0.0	6.306633710861206
5	0.21238938	0.40899897	1.0	0.0	8.787611	0.22986172	0.0016778988	0.23046362	0.2251626	6000	0.06174071	0.14371677	-0.027594455	-0.002057001	0.50532746	0.047919776	1.0	8.0	7.473395109176636
6	0.33043477	0.4703697	1.0	0.0	8.669565	0.18396482	0.0017425788	0.18459606	0.17913225	7000	-0.102398194	0.20467721	-0.010955043	-0.011357814	0.6539796	-0.14225936	0.482	79.0	8.869686365127563
7	0.2631579	0.44034737	1.0	0.0	8.736842	0.28930148	0.001750298	0.2899324	0.284429	8000	0.047116958	0.17015253	-2.9396266e-05	-0.0035221279	0.8598378	0.17296927	0.561	0.0	9.974764585494995
8	0.27192983	0.44495392	1.0	0.0	8.72807	0.23075397	0.0017600057	0.23138842	0.22585344	9000	-0.0015396741	0.17034301	-0.01080275	-4.6610832e-05	0.550809	0.03534721	0.0	14.0	11.040225267410278
9	0.3478261	0.47628045	1.0	0.0	8.652174	0.23751508	0.0017675601	0.23815536	0.23261657	10000	-0.06633567	0.20335221	-0.008932158	-0.0047510117	0.66584647	-0.15574586	0.512	79.0	12.30484652519226
10	0.31304348	0.46373188	1.0	0.0	8.686956	0.30717957	0.0017909242	0.3078252	0.30218816	11000	0.0401273	0.18852188	-0.021314645	-0.0010360628	0.538457	0.048661254	0.0	13.0	14.022932767868042
11	0.28070176	0.44934207	1.0	0.0	8.719298	0.27476805	0.001794578	0.27541497	0.26977283	12000	0.023944378	0.17469467	-0.001386011	-0.00084520876	0.65604633	0.023627918	0.0	50.0	15.057918787002563
12	0.31304348	0.46373188	1.0	0.0	8.686956	0.24591337	0.0017887667	0.24655817	0.2409298	13000	-0.027874153	0.18832867	0.00013865717	-0.0008417815	0.7156741	0.026640961	0.0	0.0	16.022719860076904
13	0.28070176	0.44934207	1.0	0.0	8.719298	0.27526885	0.0018040546	0.27591914	0.27024266	14000	0.022838783	0.17472444	-0.00011829287	-0.00087477267	0.7206608	0.034240346	0.0	0.0	16.993191242218018
14	0.28070176	0.44934204	1.0	0.0	8.719298	0.24563791	0.0017969928	0.24628565	0.24063434	15000	-0.002090046	0.17384762	9.6503645e-06	-7.4505806e-08	0.7258537	0.03553336	0.0	0.0	17.995917797088623
15	0.33043477	0.4703697	1.0	0.0	8.669565	0.24551255	0.0018032751	0.24616581	0.24051476	16000	-0.041850373	0.19533145	0.00012187287	-0.0020421892	0.7304883	0.040832847	0.0	0.0	19.004409313201904
16	0.27192983	0.44495392	1.0	0.0	8.72807	0.2911613	0.0018260116	0.29181948	0.28607544	17000	0.046861775	0.1731472	-0.0031883083	-0.0028415322	0.6544483	0.031616297	0.0	13.0	20.080376863479614
17	0.24561404	0.43045068	1.0	0.0	8.754386	0.23749708	0.001786453	0.23814104	0.23252176	18000	0.019330278	0.15944614	-0.0010429062	-0.0005532205	0.66236234	0.023819415	0.0	33.0	21.155126094818115
18	0.2631579	0.44034737	1.0	0.0	8.736842	0.21389695	0.001760119	0.21453139	0.20899093	19000	-0.01639218	0.16686887	6.977469e-05	-0.00024817884	0.71782434	0.030109461	0.0	0.0	22.149450063705444
19	0.25438598	0.43551558	1.0	0.0	8.745614	0.22985403	0.0017713577	0.23049253	0.22492072	20000	0.0044507314	0.16288184	-1.7754734e-05	-6.429851e-05	0.72208977	0.03356071	0.0	0.0	23.123884677886963
20	0.25438598	0.43551555	1.0	0.0	8.745614	0.22172223	0.0017641253	0.22235814	0.21680906	21000	-0.002422698	0.16281754	8.549308e-06	5.9604645e-08	0.72608733	0.03608221	0.0	0.0	24.65734887123108
21	0.25438598	0.43551555	1.0	0.0	8.745614	0.22181936	0.0017636126	0.2224551	0.21690583	22000	-0.0025849352	0.1628176	-0.00020844187	2.0861626e-07	0.6579555	-0.11259761	0.0	79.0	25.876273155212402
22	0.20353982	0.40263054	1.0	0.0	8.79646	0.22182402	0.0017565197	0.2224541	0.21690479	23000	0.033094972	0.13919105	-2.8304756e-05	-0.002047792	0.82023776	0.13142776	0.551	0.0	26.9260196685791
23	0.32173914	0.46714348	1.0	0.0	8.678261	0.17593433	0.001707702	0.17655294	0.17119749	24000	-0.088573016	0.20187268	-0.000809446	-0.0114022195	0.819515	0.1253836	0.55	0.0	27.934215545654297
24	0.25438598	0.43551555	1.0	0.0	8.745614	0.2829726	0.0016539962	0.2835688	0.27836236	25000	0.044274375	0.16653992	-0.00014134869	-0.0037121624	0.81370294	0.12107616	0.0	0.0	28.927709579467773
25	0.18584071	0.3889781	1.0	0.0	8.814159	0.22116168	0.0015919335	0.22173274	0.21670207	26000	0.045130532	0.13137604	0.0002049692	-0.0036305487	0.8067988	0.11194313	0.0	0.0	29.903964281082153
26	0.32173914	0.4671435	1.0	0.0	8.678261	0.16047674	0.001551107	0.1610386	0.15617424	27000	-0.10298036	0.20542635	-0.0008128956	-0.014945939	0.80226725	0.107709564	0.0	0.0	30.905242681503296
27	0.25438598	0.43551555	1.0	0.0	8.745614	0.28449583	0.0015385008	0.28505042	0.2802053	28000	0.056857787	0.16672254	-0.0072575584	-0.0038948953	0.6012074	0.036023233	0.0	8.0	31.926119089126587
28	0.33043477	0.4703697	1.0	0.0	8.669565	0.22172113	0.0014664717	0.22225234	0.2176537	29000	-0.06644684	0.19806369	-0.008920975	-0.004764974	0.6656104	-0.15284501	0.0	79.0	33.24596333503723
29	0.22807017	0.4195881	1.0	0.0	8.77193	0.29176688	0.0014871347	0.29230034	0.28760988	30000	0.10082673	0.15940192	-0.028198496	-0.008731976	0.5396324	0.057417788	0.0	10.0	34.45777750015259
30	0.28070176	0.44934204	1.0	0.0	8.719298	0.19895306	0.0013371764	0.1994351	0.19522734	31000	-0.04232652	0.17602295	0.0010422543	-0.0021585375	0.7353853	0.06730455	0.0	0.0	36.07083225250244
31	0.28947368	0.45351815	1.0	0.0	8.710526	0.2456515	0.0013612467	0.24614224	0.24185789	32000	-0.00995871	0.17733817	0.0002200231	-6.2957406e-05	0.76031744	0.09247069	0.0	0.0	37.05561447143555
32	0.23684211	0.4251446	1.0	0.0	8.763158	0.25366324	0.001362668	0.25415203	0.24984528	33000	0.03602958	0.15709113	-0.0007632151	-0.002246663	0.78265786	0.112558976	0.0	0.0	38.106961488723755
33	0.2631579	0.44034737	1.0	0.0	8.736842	0.20602614	0.0013035289	0.20649606	0.20239526	34000	-0.022062851	0.16718665	0.00077076256	-0.0005643666	0.80406845	0.12856406	0.522	0.0	39.211169481277466
34	0.22807017	0.4195881	1.0	0.0	8.77193	0.23009829	0.0013143991	0.23056975	0.2264172	35000	0.03081427	0.15167566	-0.008387547	-0.001005739	0.57853264	0.028894871	0.0	18.0	40.2467679977417
35	0.31304348	0.46373188	1.0	0.0	8.686956	0.19801685	0.0012806307	0.19847852	0.19444975	36000	-0.07295563	0.1934292	-0.011552118	-0.0059360564	0.6756856	-0.16360074	0.46	79.0	41.45181107521057
36	0.23684211	0.4251446	1.0	0.0	8.763158	0.2760169	0.0012950297	0.2764814	0.2723938	37000	0.080851436	0.15970594	-0.027707156	-0.004859045	0.5282994	0.05277121	0.0	12.0	42.57043409347534
37	0.2631579	0.44034737	1.0	0.0	8.736842	0.20576309	0.0011762044	0.2061871	0.20248416	38000	-0.024372589	0.16720124	-0.0026265755	-0.0005787015	0.65425175	-0.14378129	0.0	79.0	43.94619369506836
38	0.27192983	0.4449539	1.0	0.0	8.72807	0.23015271	0.0011924454	0.23058257	0.22682895	39000	-0.0018061693	0.17035486	-0.01044764	-5.8487058e-05	0.55190444	0.033987604	0.0	15.0	45.00523114204407
39	0.2631579	0.44034737	1.0	0.0	8.736842	0.23789364	0.0011994442	0.23832598	0.23455031	40000	0.0042558145	0.16668189	-4.5621768e-05	-6.313622e-05	0.7213496	0.040707286	0.0	0.0	46.06376242637634
40	0.3043478	0.4601307	1.0	0.0	8.695652	0.22984953	0.0011906985	0.23027878	0.2265304	41000	-0.034950208	0.18579791	0.00030253828	-0.0013992041	0.73212767	0.04900724	0.0	0.0	47.66055655479431
41	0.2631579	0.4403474	1.0	0.0	8.736842	0.26724556	0.0012144693	0.26768336	0.2638647	42000	0.03208076	0.16800588	-0.002299387	-0.0013831407	0.64764243	0.029742587	0.0	24.0	48.829498291015625
42	0.23684211	0.4251446	1.0	0.0	8.763158	0.22985008	0.0011537947	0.23026395	0.22661945	43000	0.019036239	0.15539709	-0.00092116185	-0.00055396557	0.6650886	0.023356345	0.0	29.0	50.09710383415222
43	0.22807017	0.4195881	1.0	0.0	8.77193	0.20615193	0.0011254124	0.20655565	0.20300229	44000	0.0049735717	0.15072909	-0.00018847408	-5.9321523e-05	0.6720605	0.017320089	0.0	64.0	51.21995425224304
44	0.2631579	0.44034737	1.0	0.0	8.736842	0.19842938	0.001121075	0.19883353	0.19530344	45000	-0.029918466	0.16760944	1.2628734e-05	-0.000985235	0.7106935	0.018618485	0.0	0.0	52.240453481674194
45	0.28947368	0.45351815	1.0	0.0	8.710526	0.22950631	0.0011373493	0.2299163	0.22634035	46000	-0.023384744	0.17785802	-8.909032e-06	-0.00057695806	0.7111157	0.017071065	0.0	0.0	53.21419835090637
46	0.22807017	0.4195881	1.0	0.0	8.77193	0.25317013	0.001147499	0.25358173	0.24995714	47000	0.04749554	0.15366483	-0.0020616762	-0.0029949397	0.67586416	0.02788668	0.0	7.0	54.27059841156006
47	0.27192983	0.44495392	1.0	0.0	8.72807	0.19886914	0.0010549844	0.19924942	0.1959292	48000	-0.038063668	0.17181195	-0.005188659	-0.0015062392	0.66676646	-0.15383515	0.0	79.0	55.57856321334839
48	0.20353982	0.40263054	1.0	0.0	8.79646	0.2371434	0.0010644925	0.23752528	0.23416647	49000	0.06564006	0.14077948	-0.021036852	-0.0036287457	0.5389758	0.052778803	0.0	12.0	56.65643334388733
49	0.28070176	0.44934204	1.0	0.0	8.719298	0.1770599	0.00096223725	0.17740674	0.1743804	50000	-0.06528766	0.17855436	-0.008273281	-0.004673481	0.66226137	-0.1517465	0.505	79.0	57.982258558273315
50	0.19469027	0.3959621	1.0	0.0	8.805309	0.24492249	0.000946994	0.2452622	0.24226876	51000	0.08337637	0.13826624	-0.023623746	-0.005746737	0.5422099	0.055187423	0.0	12.0	59.69919228553772
51	0.21238938	0.40899897	1.0	0.0	8.787611	0.16839147	0.00081885187	0.16868515	0.1660985	52000	-0.016967682	0.14191	-0.0016554352	-0.00025629997	0.65011394	-0.13809115	0.493	79.0	60.916452407836914
52	0.25438598	0.43551558	1.0	0.0	8.745614	0.18447818	0.0008284277	0.18477684	0.18217255	53000	-0.030908735	0.16423367	-0.00015990436	-0.0014110357	0.85293716	0.17952341	0.609	0.0	61.965370178222656
53	0.25438598	0.43551555	1.0	0.0	8.745614	0.22194423	0.00083451375	0.22224507	0.21962093	54000	-0.0011886981	0.16281763	-0.00030923437	2.9802322e-08	0.85126674	0.16914368	0.588	0.0	63.010311126708984
54	0.27192983	0.44495392	1.0	0.0	8.72807	0.22215717	0.0008344385	0.22245798	0.21983355	55000	-0.013086418	0.17054492	-0.00054320693	-0.00024685264	0.84718096	0.15733905	0.57	0.0	64.0194718837738
55	0.2631579	0.44034737	1.0	0.0	8.736842	0.23764834	0.00084034505	0.23795122	0.23530683	56000	0.009399631	0.16667627	-0.009152849	-5.736947e-05	0.5646237	0.03153044	0.0	11.0	65.14728927612305
56	0.35652173	0.47897178	1.0	0.0	8.643478	0.2301843	0.00083859684	0.23048806	0.22785969	57000	-0.07962758	0.2082056	-0.012238488	-0.007126704	0.6740268	-0.16457093	0.495	79.0	66.57747268676758
57	0.18584071	0.3889781	1.0	0.0	8.814159	0.3134679	0.0008005512	0.3137551	0.31122562	58000	0.16211762	0.15089563	-0.039177082	-0.023075148	0.52856666	0.060460187	0.0	10.0	67.83675217628479
58	0.31304348	0.46373186	1.0	0.0	8.686956	0.15973094	0.0005998521	0.15994719	0.1580612	59000	-0.101969555	0.2008507	0.0028501227	-0.013350964	0.7318949	0.06728798	0.0	0.0	68.85382890701294
59	0.28947368	0.45351815	1.0	0.0	8.710526	0.27577546	0.0005727222	0.2759819	0.2741805	60000	0.01743827	0.17774652	-0.001374634	-0.00047253072	0.6302708	0.022708572	0.0	32.0	69.92303490638733
60	0.32173914	0.4671435	1.0	0.0	8.678261	0.25395763	0.000567472	0.25416318	0.25238493	61000	-0.028009018	0.1913082	0.0001190491	-0.0008598268	0.7123799	0.023615746	0.0	0.0	71.48992562294006
61	0.27192983	0.44495392	1.0	0.0	8.72807	0.28361487	0.0005696568	0.28382027	0.28202793	62000	0.037309255	0.17235848	-0.00018405914	-0.0020558387	0.7166392	0.029515762	0.0	0.0	72.48551630973816
62	0.28947368	0.45351815	1.0	0.0	8.710526	0.23778647	0.00054983137	0.23798466	0.23625411	63000	-0.017085576	0.17753412	-0.0022860207	-0.00025637448	0.6654962	-0.15283369	0.0	79.0	73.82201910018921
63	0.23684211	0.4251446	1.0	0.0	8.763158	0.25402454	0.000550062	0.2542218	0.2524826	64000	0.05392386	0.15709776	-0.01995195	-0.0022527874	0.5399228	0.039096687	0.0	12.0	74.95522618293762
64	0.31304348	0.46373188	1.0	0.0	8.686956	0.20589913	0.0005329222	0.20609125	0.20441459	65000	-0.06313329	0.19231355	0.0012485869	-0.00482212	0.7153939	0.04312441	0.0	0.0	75.98928499221802
65	0.31304348	0.46373188	1.0	0.0	8.686956	0.27636546	0.00052855	0.27655596	0.2748924	66000	-0.001053086	0.18748593	1.8953695e-05	-7.301569e-07	0.7353683	0.058622595	0.0	0.0	77.0480477809906
66	0.25438598	0.43551555	1.0	0.0	8.745614	0.27540544	0.00052840466	0.27559587	0.2739332	67000	0.04684851	0.16563189	-0.0038481168	-0.0028069317	0.6361999	0.032905653	0.0	27.0	78.13626313209534
67	0.28070176	0.44934204	1.0	0.0	8.719298	0.2216427	0.00050323637	0.22182406	0.2202406	68000	-0.023536928	0.174439	0.00021925941	-0.00058569014	0.7219094	0.03976281	0.0	0.0	79.11566615104675
68	0.33913043	0.4734142	1.0	0.0	8.66087	0.24617296	0.0005078485	0.24635689	0.24476528	69000	-0.05207813	0.19880094	-0.005882211	-0.0027967095	0.65642595	-0.14255728	0.0	79.0	80.25976991653442
69	0.20353982	0.40263054	1.0	0.0	8.79646	0.29958588	0.0005049794	0.29976702	0.29817238	70000	0.12804258	0.15212323	-0.030119099	-0.014913127	0.5494121	0.06501883	0.0	10.0	81.28071570396423
70	0.28070176	0.44934204	1.0	0.0	8.719298	0.17717814	0.00040810098	0.17732528	0.17604116	71000	-0.06702264	0.17856568	-0.005649261	-0.0046852827	0.6441216	-0.13196515	0.482	79.0	83.12829804420471
71	0.28947368	0.45351815	1.0	0.0	8.710526	0.24558088	0.00040178248	0.24572575	0.24446276	72000	-0.005590294	0.17734464	-0.008796783	-6.891787e-05	0.5606349	0.028329913	0.0	14.0	84.14691615104675
72	0.35652173	0.4789718	1.0	0.0	8.643478	0.25395745	0.0004037314	0.25410372	0.25283748	73000	-0.057935797	0.2047702	-0.009182274	-0.0037144274	0.67636335	-0.16384323	0.0	79.0	85.33164072036743
73	0.2982456	0.45748788	1.0	0.0	8.701755	0.31544873	0.00040137197	0.31559345	0.31432965	74000	0.044396263	0.18341003	-0.00021572784	-0.0028235167	0.8892822	0.20118028	0.57	0.0	86.37164855003357
74	0.18584071	0.38897803	1.0	0.0	8.814159	0.2620033	0.00038057344	0.2621398	0.26093712	75000	0.10982669	0.13786978	-0.029885985	-0.010100052	0.5320707	0.06257506	0.0	11.0	87.38341546058655
75	0.24561404	0.43045068	1.0	0.0	8.754386	0.16239265	0.00032130335	0.16250843	0.16149755	76000	-0.046564642	0.1615983	0.0010942891	-0.0027000755	0.7383914	0.069637865	0.0	0.0	88.47011518478394
76	0.27192983	0.44495392	1.0	0.0	8.72807	0.21391019	0.00031971105	0.21402541	0.2130194	77000	-0.023617685	0.17088135	0.0004879404	-0.0005811155	0.7621721	0.095419474	0.0	0.0	89.54699969291687
77	0.21238938	0.40899897	1.0	0.0	8.787611	0.23795393	0.00031911203	0.23806843	0.23706113	78000	0.048313837	0.14446305	-0.00518997	-0.0027994365	0.6106652	0.034003083	0.0	20.0	90.61981987953186
78	0.33913043	0.47341418	1.0	0.0	8.66087	0.18519117	0.0003154565	0.18530545	0.18431613	79000	-0.10755261	0.20897375	-0.013790071	-0.012925863	0.66292936	-0.1538756	0.481	79.0	91.8197250366211
79	0.24561404	0.43045068	1.0	0.0	8.754386	0.29757354	0.00030370333	0.29768303	0.29672638	80000	0.09076762	0.16578442	-0.027721308	-0.006878376	0.5385745	0.06691474	0.0	12.0	92.91747903823853
80	0.27192983	0.4449539	1.0	0.0	8.72807	0.21585517	0.00029332086	0.21596088	0.21503821	81000	-0.023932487	0.17079166	-0.0019490831	-0.00049205124	0.6448834	-0.12263464	0.0	79.0	94.94317102432251
81	0.21238938	0.40899897	1.0	0.0	8.787611	0.23773813	0.00029251847	0.23784307	0.23691964	82000	0.039650023	0.14443915	-5.2966177e-05	-0.0027751327	0.8380749	0.15676102	0.582	0.0	96.19608807563782
82	0.22807017	0.4195881	1.0	0.0	8.77193	0.18572526	0.00028911905	0.18582897	0.18491597	83000	-0.011693356	0.15083954	-0.0054508774	-0.00016973913	0.56753904	0.020539487	0.0	17.0	97.4041817188263
83	0.28947368	0.45351818	1.0	0.0	8.710526	0.19862841	0.00029026464	0.19873305	0.19781975	84000	-0.050762717	0.18032566	-0.010105345	-0.0030246824	0.7025251	-0.17232543	0.0	79.0	98.74160265922546
84	0.20353982	0.40263054	1.0	0.0	8.79646	0.25325176	0.00028851468	0.25335523	0.25244474	85000	0.084673144	0.1429342	-0.026609402	-0.0057717413	0.520979	0.042690743	0.383	12.0	99.82874035835266
85	0.22807017	0.4195881	1.0	0.0	8.77193	0.17805597	0.00028063494	0.17815663	0.17727011	86000	-0.01996318	0.15109836	0.00044749118	-0.0004284829	0.70931494	0.038807474	0.0	0.0	101.05263495445251
86	0.28070176	0.44934204	1.0	0.0	8.719298	0.19861108	0.00028312788	0.19871317	0.19782199	87000	-0.046168122	0.17609093	-0.005136665	-0.0022261888	0.6557608	-0.14223517	0.0	79.0	102.38213610649109
87	0.20353982	0.40263057	1.0	0.0	8.79646	0.24564563	0.00028218012	0.24574684	0.24485539	88000	0.0741471	0.14183636	-0.019466933	-0.0046801865	0.55026644	0.037432924	0.0	11.0	103.58131122589111
88	0.27192983	0.4449539	1.0	0.0	8.72807	0.17761819	0.0002782294	0.17771849	0.17684267	89000	-0.057439353	0.17394581	-0.008045908	-0.003628835	0.66854817	-0.15877219	0.477	79.0	105.15991020202637
89	0.24561404	0.43045068	1.0	0.0	8.754386	0.23751317	0.00027890338	0.23761374	0.23673679	90000	0.020503031	0.15942149	-3.3620745e-06	-0.0005288124	0.8831618	0.20272487	0.58	0.0	106.26929783821106
90	0.28947368	0.45351818	1.0	0.0	8.710526	0.21455349	0.00027811952	0.21465376	0.21377899	91000	-0.03250627	0.17882425	-0.010739211	-0.0015348792	0.5335781	0.037951812	0.0	20.0	108.1470775604248
91	0.28070176	0.44934207	1.0	0.0	8.719298	0.25384974	0.0002782702	0.25395	0.25307447	92000	0.0050847386	0.17390695	0.00017740438	-5.993247e-05	0.67158276	-0.056269135	0.0	79.0	109.40160799026489
92	0.24561404	0.43045068	1.0	0.0	8.754386	0.24605574	0.0002778895	0.24615589	0.2452809	93000	0.027454833	0.15988709	-0.0020899344	-0.0009933859	0.6372891	0.024198048	0.0	16.0	110.4883553981781
93	0.25438598	0.43551555	1.0	0.0	8.745614	0.2141637	0.00027729027	0.21426365	0.21339124	94000	-0.0096014375	0.16288458	-0.0013917601	-6.636977e-05	0.6703604	-0.15744522	0.0	79.0	111.71271347999573
94	0.15929204	0.3659482	1.0	0.0	8.840708	0.22245014	0.0002753337	0.2225484	0.22167574	95000	0.092640914	0.11988839	-0.024426147	-0.0071666166	0.53499734	0.04724172	0.0	12.0	112.80020332336426
95	0.25438598	0.43551555	1.0	0.0	8.745614	0.13698636	0.00027722432	0.13708629	0.13621426	96000	-0.07579494	0.1700859	0.0015424117	-0.0072449	0.7244905	0.052478302	0.0	0.0	113.82938766479492
96	0.25438598	0.43551555	1.0	0.0	8.745614	0.22225429	0.00027694833	0.2223541	0.22148207	97000	-0.0024774638	0.16281793	4.5709778e-05	-1.1920929e-07	0.74504983	0.072789066	0.0	0.0	115.03151321411133
97	0.37391305	0.48384097	1.0	0.0	8.626087	0.22236945	0.00027822322	0.22247021	0.22159818	98000	-0.10730119	0.21735135	-0.0050326735	-0.011686981	0.62726766	-0.10989093	0.467	79.0	116.44794917106628
98	0.17699115	0.38166118	1.0	0.0	8.823009	0.32982612	0.00027599515	0.32992515	0.32905313	99000	0.13921708	0.15390761	-2.9698014e-05	-0.03097061	0.819383	0.12595765	0.525	0.0	117.56495571136475
99	0.23684211	0.4251446	1.0	0.0	8.763158	0.15514721	0.00027590484	0.15524618	0.15437415	100000	-0.043960985	0.15748852	-0.0002301149	-0.0026427954	0.8202319	0.13646139	0.579	0.0	118.65024185180664
100	0.3043478	0.4601307	1.0	0.0	8.695652	0.2061102	0.00027704035	0.20621005	0.20533802	101000	-0.06172296	0.18817814	-0.0026317723	-0.0037795156	0.5822991	-0.050799806	0.435	79.0	120.69343137741089
101	0.32173914	0.46714348	1.0	0.0	8.678261	0.2670001	0.00027812942	0.26710093	0.2662289	102000	-0.015731126	0.19071633	2.5810674e-05	-0.00026927888	0.7560614	0.06330048	0.0	0.0	121.78613805770874
102	0.32173914	0.46714348	1.0	0.0	8.678261	0.2832014	0.00027807459	0.28330213	0.2824301	103000	-0.0032121802	0.19044629	4.418893e-06	-2.9802322e-08	0.75770366	0.067482755	0.0	0.0	122.98362803459167
103	0.32173914	0.46714348	1.0	0.0	8.678261	0.28344	0.00027803803	0.28354073	0.2826687	104000	-0.0033723684	0.1904463	3.8088765e-06	2.2351742e-07	0.75907934	0.07077117	0.0	0.0	124.11396980285645
104	0.2982456	0.45748788	1.0	0.0	8.701755	0.28344488	0.00027701986	0.28354472	0.2826727	105000	0.014931723	0.18102975	-2.2432767e-05	-0.0004554391	0.76020926	0.0715254	0.0	0.0	125.21281170845032
105	0.27192983	0.44495392	1.0	0.0	8.72807	0.26236182	0.00027718506	0.26246175	0.26158974	106000	0.01972978	0.17087705	-0.0016348176	-0.000580281	0.62898296	0.025306558	0.0	26.0	126.43642568588257
106	0.2631579	0.44034737	1.0	0.0	8.736842	0.23845443	0.00027705875	0.23855434	0.23768231	107000	0.005182827	0.16668567	-2.5218353e-05	-6.67423e-05	0.7154784	0.027539259	0.0	0.0	127.53794860839844
107	0.3043478	0.4601307	1.0	0.0	8.695652	0.23028995	0.00027696672	0.23038976	0.22951773	108000	-0.034483574	0.1857898	0.0001141876	-0.0013914257	0.72035575	0.029736256	0.0	0.0	128.68981504440308
108	0.3043478	0.4601307	1.0	0.0	8.695652	0.2676683	0.0002772034	0.26776823	0.26689622	109000	-0.0021661322	0.18439838	6.3318294e-06	1.4901161e-07	0.7236725	0.033237465	0.0	0.0	129.77865195274353
109	0.28070176	0.44934204	1.0	0.0	8.719298	0.2675956	0.00027718506	0.26769555	0.26682353	110000	0.016205838	0.17430596	-5.104579e-05	-0.0004581362	0.7265973	0.037906975	0.0	0.0	130.83349418640137
110	0.22123894	0.415081	1.0	0.0	8.778761	0.24593458	0.00027620068	0.24603364	0.24516161	111000	0.046623316	0.14886	-0.0028850473	-0.0028027147	0.65783495	0.030793697	0.0	12.0	132.61319732666016
111	0.22123894	0.41508096	1.0	0.0	8.778761	0.19232132	0.0002760343	0.19242033	0.1915483	112000	-0.0021260504	0.1460431	-0.0002491672	1.7881393e-07	0.6653755	-0.13808757	0.0	79.0	133.81853914260864
112	0.24561404	0.43045068	1.0	0.0	8.754386	0.192582	0.00027702193	0.1926819	0.19180986	113000	-0.017382795	0.15937085	-0.007137675	-0.0004773289	0.55455226	0.030217966	0.0	17.0	134.9123215675354
113	0.2631579	0.44034737	1.0	0.0	8.736842	0.21474768	0.00027707714	0.21484753	0.2139755	114000	-0.016253363	0.16685902	-0.002445398	-0.00023840368	0.6725558	-0.16004965	0.0	79.0	136.12939524650574
114	0.2631579	0.44034737	1.0	0.0	8.736842	0.23036756	0.0002775	0.2304676	0.22959557	115000	0.0024142896	0.1666189	-9.756442e-05	7.4505806e-08	0.8847809	0.2069364	0.591	0.0	137.17524695396423
115	0.27192983	0.4449539	1.0	0.0	8.72807	0.23024867	0.00027731623	0.23034866	0.22947663	116000	-7.366115e-05	0.1703584	-0.014431876	-6.195903e-05	0.53332704	0.04460957	0.0	15.0	138.3013072013855
116	0.33913043	0.4734142	1.0	0.0	8.66087	0.23810604	0.00027814996	0.23820676	0.23733473	117000	-0.058890477	0.19972937	-0.007649541	-0.003721252	0.66459304	-0.15458728	0.476	79.0	139.45799255371094
117	0.18584071	0.3889781	1.0	0.0	8.814159	0.2993303	0.00027586598	0.29942927	0.29855725	118000	0.14591053	0.14674836	-0.036725834	-0.018946394	0.53758574	0.07991721	0.0	10.0	140.5882875919342
118	0.27192983	0.4449539	1.0	0.0	8.72807	0.16095372	0.00027720592	0.16105366	0.16018163	119000	-0.06737494	0.17623074	0.0019161105	-0.005901709	0.754467	0.091735	0.0	0.0	141.7142150402069
119	0.23684211	0.4251446	1.0	0.0	8.763158	0.23761144	0.00027612675	0.23771054	0.2368385	120000	0.026284317	0.15580283	-0.0026850402	-0.00095935166	0.61043817	0.030476116	0.0	23.0	142.85858511924744
120	0.23684211	0.4251446	1.0	0.0	8.763158	0.20659424	0.0002760158	0.20669326	0.20582123	121000	-0.0017808581	0.15484273	1.6964972e-05	1.4901161e-08	0.718194	0.03431391	0.0	0.0	144.6842439174652
121	0.3043478	0.4601307	1.0	0.0	8.695652	0.20660193	0.00027696672	0.2067018	0.20582977	122000	-0.05531288	0.1881181	0.0003812164	-0.0037193447	0.727769	0.04361258	0.0	0.0	145.79059433937073
122	0.27192983	0.44495392	1.0	0.0	8.72807	0.26804638	0.00027712996	0.26814628	0.26727426	123000	0.023567658	0.1711829	-0.00016451813	-0.00088489056	0.7346848	0.047629066	0.0	0.0	146.8812689781189
123	0.23684211	0.4251446	1.0	0.0	8.763158	0.23798434	0.0002760898	0.23808342	0.23721139	124000	0.0251641	0.15582608	-0.00017904118	-0.0009825975	0.7416898	0.053610306	0.0	0.0	147.9270842075348
124	0.16814159	0.373992	1.0	0.0	8.831859	0.20621797	0.0002760898	0.20631702	0.20544499	125000	0.05544137	0.1215205	-0.0043869615	-0.0036708713	0.64040166	0.029736737	0.0	15.0	149.06917262077332
125	0.22807017	0.4195881	1.0	0.0	8.77193	0.14485452	0.00027616372	0.14495358	0.14408155	126000	-0.051495086	0.15357506	-0.0067678876	-0.002904743	0.66431475	-0.15337762	0.495	79.0	150.36416029930115
126	0.24561404	0.43045068	1.0	0.0	8.754386	0.19943109	0.0002771691	0.199531	0.19865897	127000	-0.008696764	0.1591182	-0.011052015	-0.00022535026	0.53990686	0.042113453	0.0	18.0	151.47049689292908
127	0.33043477	0.4703697	1.0	0.0	8.669565	0.21466556	0.00027820488	0.21476637	0.21389434	128000	-0.072951846	0.19915329	-0.009269871	-0.005851373	0.6637602	-0.15813854	0.487	79.0	152.7036383152008
128	0.16814159	0.373992	1.0	0.0	8.831859	0.2921102	0.0002756628	0.29220903	0.291337	129000	0.11531859	0.1392914	-5.066395e-07	-0.021405257	0.8815465	0.20784718	0.599	0.0	153.76622104644775
129	0.21238938	0.40899897	1.0	0.0	8.787611	0.1476279	0.00027590487	0.14772685	0.14685482	130000	-0.030221675	0.14301892	-0.0076985545	-0.0013555586	0.53462493	0.025646236	0.0	23.0	154.94436502456665
130	0.2982456	0.45748788	1.0	0.0	8.701755	0.18399616	0.0002772059	0.18409607	0.18322404	131000	-0.07250387	0.18661618	-0.011604011	-0.0059827566	0.67640764	-0.16586745	0.502	79.0	157.08116459846497
131	0.35652173	0.47897178	1.0	0.0	8.643478	0.26033354	0.00027827552	0.2604343	0.25956228	132000	-0.037654273	0.2040375	-0.0002715066	-0.0029866844	0.89180493	0.19898501	0.553	0.0	158.40143394470215
132	0.25438598	0.43551555	1.0	0.0	8.745614	0.31430915	0.00027727676	0.3144091	0.3135371	133000	0.104099855	0.17124546	-0.033281602	-0.00840421	0.52921706	0.071854755	0.574	11.0	159.68709206581116
133	0.27192983	0.44495392	1.0	0.0	8.72807	0.22395727	0.00027702196	0.22405711	0.22318508	134000	-0.014649807	0.17049706	0.0003989935	-0.00019945204	0.7544776	0.09122181	0.0	0.0	160.81669759750366
134	0.32173914	0.4671435	1.0	0.0	8.678261	0.23789749	0.00027822322	0.23799828	0.23712625	135000	-0.048466366	0.19251734	-0.00038122758	-0.0020658076	0.61147225	-0.08512168	0.0	79.0	162.09950971603394
135	0.22807017	0.4195881	1.0	0.0	8.77193	0.28286433	0.00027606895	0.28296337	0.28209135	136000	0.07983795	0.15774414	-0.010418415	-0.0070730895	0.6036375	0.045649003	0.0	10.0	163.20540165901184
136	0.3043478	0.4601307	1.0	0.0	8.695652	0.19986102	0.00027715074	0.19996092	0.19908889	137000	-0.06542247	0.18898553	-0.0064522997	-0.0045862943	0.6501017	-0.13999432	0.514	79.0	164.4398558139801
137	0.3043478	0.4601307	1.0	0.0	8.695652	0.26666558	0.0002774968	0.26676562	0.2658936	138000	-0.001384808	0.18439923	-0.00033553806	-9.23872e-07	0.85300994	0.17020503	0.585	0.0	165.4679834842682
138	0.20353982	0.40263057	1.0	0.0	8.79646	0.26758656	0.00027645603	0.26768574	0.26681373	139000	0.09418454	0.14531434	-0.02081535	-0.008138806	0.55827427	0.038772814	0.0	9.0	166.5865981578827
139	0.23684211	0.4251446	1.0	0.0	8.763158	0.1785631	0.0002760528	0.17866214	0.1777901	140000	-0.027809734	0.15562859	-0.003799742	-0.00078484416	0.66666305	-0.15362723	0.0	79.0	167.82664442062378
140	0.31304348	0.46373188	1.0	0.0	8.686956	0.20625928	0.0002769115	0.20635907	0.20548704	141000	-0.06272887	0.19227654	-0.0068807155	-0.0047853887	0.5385918	0.024410235	0.0	21.0	169.74971914291382
141	0.22123894	0.41508096	1.0	0.0	8.778761	0.2746464	0.00027606898	0.2747454	0.2738734	142000	0.07185917	0.1527136	-0.0033611879	-0.0066309273	0.6803809	0.035695367	0.0	10.0	171.03665614128113
142	0.23684211	0.4251446	1.0	0.0	8.763158	0.19430968	0.0002760898	0.19440873	0.1935367	143000	-0.012937964	0.1549939	0.00013382826	-0.00015088916	0.72828496	0.048257187	0.0	0.0	172.29808163642883
143	0.25438598	0.43551555	1.0	0.0	8.745614	0.20645814	0.00027702196	0.20655799	0.20568596	144000	-0.01573268	0.16306993	0.00013962388	-0.0002513677	0.73868275	0.055593073	0.0	0.0	173.53982257843018
144	0.24561404	0.43045068	1.0	0.0	8.754386	0.22221994	0.00027700354	0.22231975	0.22144772	145000	0.0036917492	0.15895171	-3.0077761e-05	-5.953014e-05	0.7475982	0.06748725	0.0	0.0	174.9648814201355
145	0.32173914	0.46714348	1.0	0.0	8.678261	0.21448801	0.00027825983	0.2145888	0.21371678	146000	-0.068510674	0.19519305	-0.0041833	-0.0047363937	0.6342086	-0.121800125	0.484	79.0	176.32309889793396
146	0.28070176	0.44934204	1.0	0.0	8.719298	0.28323156	0.00027683613	0.28333133	0.28245932	147000	0.03911156	0.1752164	-0.012176614	-0.0013649315	0.5712487	0.035779208	0.0	12.0	177.51455283164978
147	0.23684211	0.4251446	1.0	0.0	8.763158	0.24622093	0.0002761822	0.24632001	0.24544798	148000	0.034254912	0.1564101	-0.0018430836	-0.0015660077	0.66336524	0.02675957	0.0	27.0	178.8933892250061
148	0.3043478	0.4601307	1.0	0.0	8.695652	0.20641926	0.0002772059	0.2065192	0.20564717	149000	-0.05826532	0.18814029	-0.008188032	-0.003741607	0.66825783	-0.15803882	0.508	79.0	180.58578491210938
149	0.2631579	0.44034737	1.0	0.0	8.736842	0.2678826	0.00027707487	0.26798248	0.26711047	150000	0.048999745	0.16802816	-0.021840673	-0.0014055073	0.53582925	0.05156221	0.0	14.0	181.931006193161
150	0.27192983	0.4449539	1.0	0.0	8.72807	0.23010987	0.00027726108	0.23020978	0.22933775	151000	-0.009286137	0.17036046	0.00019454863	-6.389618e-05	0.74223614	0.07256287	0.0	0.0	183.9501678943634
151	0.27192983	0.44495392	1.0	0.0	8.72807	0.23820932	0.00027698514	0.23830917	0.23743714	152000	-0.0023370492	0.1702957	4.428625e-05	-1.4901161e-08	0.7634094	0.09048126	0.0	0.0	185.15560626983643
152	0.25438598	0.43551555	1.0	0.0	8.745614	0.23815219	0.00027711396	0.23825204	0.23738001	153000	0.012832336	0.16306604	-0.0013013873	-0.00024817884	0.61109436	0.023956938	0.0	28.0	186.6315312385559
153	0.33913043	0.47341418	1.0	0.0	8.66087	0.2221745	0.0002781317	0.22227524	0.22140321	154000	-0.07292258	0.20192671	-0.01034613	-0.005908519	0.66887	-0.15701064	0.0	79.0	188.27236461639404
154	0.18584071	0.3889781	1.0	0.0	8.814159	0.30016568	0.00027586598	0.30026463	0.2993926	155000	0.14729339	0.14697877	-0.036816694	-0.019175261	0.5361951	0.076543264	0.0	11.0	189.62006306648254
155	0.33913043	0.47341418	1.0	0.0	8.66087	0.16281018	0.00027838786	0.16291101	0.16203898	156000	-0.11824666	0.21456671	0.003011018	-0.018494472	0.7507059	0.08794351	0.0	0.0	190.98980474472046
156	0.2631579	0.44034737	1.0	0.0	8.736842	0.29696387	0.00027724006	0.29706377	0.29619175	157000	0.06058318	0.17104955	-0.006497726	-0.0044157654	0.61621106	0.039880518	0.0	19.0	192.13606309890747
157	0.20353982	0.40263057	1.0	0.0	8.79646	0.23141281	0.00027601584	0.2315118	0.23063977	158000	0.04517887	0.14009145	-0.0006755255	-0.00294362	0.72966313	0.051509436	0.0	0.0	193.24736261367798
158	0.28947368	0.45351815	1.0	0.0	8.710526	0.17792979	0.0002769851	0.17802966	0.17715763	159000	-0.06648447	0.18303055	0.000772357	-0.0057082027	0.74472857	0.062400427	0.0	0.0	194.32539200782776
159	0.28070176	0.44934207	1.0	0.0	8.719298	0.25242788	0.00027692798	0.25252768	0.25165567	160000	0.0032808634	0.17388704	-1.1423603e-05	-3.97861e-05	0.6336464	-0.05531653	0.0	79.0	195.5830693244934
160	0.2631579	0.44034737	1.0	0.0	8.736842	0.24620226	0.00027707714	0.24630214	0.24543011	161000	0.012218592	0.16687201	-0.0008552475	-0.0002528727	0.6371341	0.01904516	0.0	28.0	197.57211112976074
161	0.31304348	0.46373186	1.0	0.0	8.686956	0.23052788	0.00027707717	0.23062773	0.2297557	162000	-0.04162133	0.18950674	7.0322305e-05	-0.0020187944	0.7097003	0.017779835	0.0	0.0	198.62815308570862
162	0.3043478	0.4601307	1.0	0.0	8.695652	0.27492312	0.0002770933	0.27502304	0.27415103	163000	0.0042574606	0.18445233	-7.019844e-06	-5.365908e-05	0.71139127	0.02027433	0.0	0.0	199.80061674118042
163	0.33913043	0.47341418	1.0	0.0	8.66087	0.2676511	0.00027822074	0.2677519	0.2668799	164000	-0.031161442	0.19699296	-0.004737746	-0.0009973943	0.67363966	-0.16064413	0.0	79.0	201.02919483184814
164	0.19469027	0.3959621	1.0	0.0	8.805309	0.29912528	0.0002761243	0.2992243	0.29835227	165000	0.10362986	0.14934126	1.8626451e-07	-0.016769305	0.8851961	0.20402154	0.577	0.0	202.08787322044373
165	0.28070176	0.44934204	1.0	0.0	8.719298	0.17149203	0.00027729786	0.17159197	0.17071994	166000	-0.06897484	0.1793834	-0.0061224625	-0.0054967105	0.5319009	0.025746906	0.402	29.0	203.25963616371155
166	0.2982456	0.45748788	1.0	0.0	8.701755	0.2445333	0.00027715074	0.24463323	0.2437612	167000	-0.017398492	0.18087839	0.00034384243	-0.00029817224	0.6997881	0.026565712	0.0	2.0	204.4337501525879
167	0.2982456	0.45748788	1.0	0.0	8.701755	0.26156726	0.00027716666	0.26166713	0.26079512	168000	-0.002559814	0.18057515	1.2393342e-05	-4.0233135e-07	0.7197484	0.031581488	0.0	0.0	205.62112259864807
168	0.23684211	0.4251446	1.0	0.0	8.763158	0.2619406	0.00027610586	0.26203963	0.26116762	169000	0.04617639	0.15790088	-0.00026860088	-0.0030552	0.7246015	0.037178237	0.0	0.0	206.9084439277649
169	0.20353982	0.40263054	1.0	0.0	8.79646	0.20720261	0.00027607128	0.20730163	0.2064296	170000	0.025666088	0.13804886	-0.0013788678	-0.0009110868	0.65719956	0.022265516	0.0	21.0	208.02480554580688
170	0.3043478	0.4601307	1.0	0.0	8.695652	0.17718194	0.00027713232	0.17728186	0.17640983	171000	-0.08147915	0.19257227	0.0002490133	-0.00817287	0.71242	0.022381073	0.0	0.0	209.89265418052673
171	0.2982456	0.45748788	1.0	0.0	8.701755	0.26660484	0.00027716666	0.2667047	0.2658327	172000	0.0019514329	0.18059543	-5.5077253e-06	-2.1263957e-05	0.7154803	0.025263362	0.0	0.0	211.03134679794312
172	0.19469027	0.3959621	1.0	0.0	8.805309	0.26202765	0.00027606898	0.26212665	0.26125464	173000	0.078924224	0.14110485	-0.00039514154	-0.00857228	0.7183033	0.031210251	0.0	0.0	212.18613719940186
173	0.22807017	0.4195881	1.0	0.0	8.77193	0.17051251	0.00027605283	0.17061152	0.16973948	174000	-0.026210815	0.15146741	9.695068e-05	-0.00079752505	0.72332203	0.033022884	0.0	0.0	213.23450207710266
174	0.27192983	0.44495392	1.0	0.0	8.72807	0.19849038	0.00027716914	0.19859031	0.19771828	175000	-0.038812324	0.17186368	-0.004642118	-0.0015577674	0.6603771	-0.14469612	0.0	79.0	214.47286009788513
175	0.2982456	0.45748788	1.0	0.0	8.701755	0.23774403	0.00027726108	0.23784399	0.23697196	176000	-0.01836978	0.18116018	-0.000433119	-0.00057703257	0.8638183	0.18081199	0.586	0.0	215.55458879470825
176	0.21238938	0.40899897	1.0	0.0	8.787611	0.26175845	0.0002761796	0.26185754	0.26098552	177000	0.08359337	0.14753918	-0.021956183	-0.005857885	0.5507713	0.050196618	0.0	10.0	216.65494680404663
177	0.20353982	0.40263057	1.0	0.0	8.79646	0.18551993	0.00027590484	0.18561889	0.18474686	178000	0.005745696	0.13720886	-0.00012690807	-7.44611e-05	0.7351365	0.06529077	0.0	0.0	217.70355558395386
178	0.27192983	0.44495392	1.0	0.0	8.72807	0.17685623	0.0002772243	0.17695618	0.17608415	179000	-0.053579796	0.17403834	0.0009835139	-0.0037210733	0.7574713	0.08277883	0.0	0.0	218.79113245010376
179	0.32173914	0.46714348	1.0	0.0	8.678261	0.23794119	0.00027809507	0.23804195	0.23716992	180000	-0.041758657	0.19251333	0.0006371215	-0.0020622462	0.7759981	0.10573198	0.0	0.0	219.9079990386963
180	0.23684211	0.4251446	1.0	0.0	8.763158	0.28353512	0.00027605053	0.28363413	0.2827621	181000	0.058714397	0.16075404	-0.00092034414	-0.0059058517	0.791373	0.120704904	0.0	0.0	222.02065086364746
181	0.33043477	0.4703697	1.0	0.0	8.669565	0.20673472	0.00027820488	0.20683545	0.20596342	182000	-0.08444141	0.20042971	-0.0011179298	-0.0071246177	0.59080344	-0.07079692	0.464	79.0	223.27268600463867
182	0.18584071	0.3889781	1.0	0.0	8.814159	0.29058036	0.00027581057	0.2906793	0.2898073	183000	0.103462905	0.14441623	-0.0001880005	-0.016619653	0.7715996	0.086945824	0.0	0.0	224.31398177146912
183	0.2631579	0.44034737	1.0	0.0	8.736842	0.16354254	0.00027696675	0.16364238	0.16277035	184000	-0.0675459	0.17105378	-0.0018198267	-0.004413992	0.618844	-0.098547086	0.442	79.0	225.57659101486206
184	0.21238938	0.40899897	1.0	0.0	8.787611	0.22900292	0.00027592338	0.22910191	0.22822988	185000	0.031446654	0.14359511	1.1540949e-05	-0.0019357204	0.8098885	0.12398614	0.0	0.0	226.7046730518341
185	0.2631579	0.44034737	1.0	0.0	8.736842	0.1856553	0.00027687466	0.18575512	0.18488309	186000	-0.039556306	0.16860159	-6.587058e-05	-0.0019728988	0.8095216	0.12231771	0.0	0.0	227.78359150886536
186	0.22807017	0.4195881	1.0	0.0	8.77193	0.22944199	0.00027601584	0.22954096	0.22866893	187000	0.029224042	0.15161124	-0.006134862	-0.00094138086	0.59025097	0.03283163	0.0	13.0	228.93522334098816
187	0.22807017	0.4195881	1.0	0.0	8.77193	0.19912991	0.00027616372	0.19922894	0.19835691	188000	-0.0018914232	0.15066984	-0.00021420605	5.9604645e-08	0.66645616	-0.13185868	0.0	79.0	230.29640078544617
188	0.28070176	0.44934204	1.0	0.0	8.719298	0.19875403	0.0002772059	0.19885392	0.1979819	189000	-0.04386766	0.17607766	-0.0043330863	-0.0022130758	0.559171	0.019008763	0.0	20.0	231.50970840454102
189	0.25438598	0.43551555	1.0	0.0	8.745614	0.24556714	0.00027715074	0.24566707	0.24479504	190000	0.01895946	0.16335429	-0.0005299561	-0.00053557754	0.68489695	0.02024725	0.0	12.0	232.6840217113495
190	0.28947368	0.45351815	1.0	0.0	8.710526	0.22242707	0.00027737138	0.22252707	0.22165504	191000	-0.030937279	0.17826825	-0.004720958	-0.0009836704	0.6734427	-0.16080855	0.0	79.0	235.14497923851013
191	0.16814159	0.373992	1.0	0.0	8.831859	0.25393757	0.00027627178	0.25403666	0.25316465	192000	0.1161796	0.1295756	-0.03068591	-0.011710376	0.53142446	0.07143689	0.0	11.0	236.41705083847046
192	0.24561404	0.43045068	1.0	0.0	8.754386	0.14656518	0.00027694833	0.14666502	0.14579299	193000	-0.059859842	0.16349566	0.0015051067	-0.0045933723	0.7415656	0.07475206	0.0	0.0	237.5326533317566
193	0.22807017	0.4195881	1.0	0.0	8.77193	0.21366376	0.00027592338	0.2137627	0.21289067	194000	0.009384439	0.15089197	-0.0002173679	-0.0002219975	0.76703095	0.10262431	0.0	0.0	238.65168023109436
194	0.31304348	0.46373186	1.0	0.0	8.686956	0.1988447	0.00027711393	0.1989446	0.19807257	195000	-0.06559158	0.19335766	0.0012275502	-0.005865544	0.79046583	0.116356924	0.0	0.0	239.76858472824097
195	0.14285715	0.3499271	1.0	0.0	8.857142	0.27484113	0.00027485276	0.2749392	0.2740672	196000	0.11634374	0.124752834	-0.0006231591	-0.022636183	0.8093584	0.14760506	0.575	0.0	240.90052676200867
196	0.17699115	0.38166118	1.0	0.0	8.823009	0.12626766	0.00027597882	0.12636667	0.12549464	197000	-0.026112804	0.12357889	-0.0032065976	-0.00072711706	0.5725696	-0.031093907	0.0	79.0	242.30287623405457
197	0.28070176	0.44934207	1.0	0.0	8.719298	0.15285285	0.00027718753	0.15295276	0.15208073	198000	-0.081658475	0.18249391	-0.0002609715	-0.008587673	0.7371421	0.041686293	0.0	0.0	243.42535305023193
198	0.33913043	0.4734142	1.0	0.0	8.66087	0.24437821	0.0002782598	0.24447903	0.243607	199000	-0.049316406	0.19900319	-0.00022305548	-0.0029980391	0.7339513	0.03573361	0.0	0.0	244.65686702728271
199	0.24561404	0.43045068	1.0	0.0	8.754386	0.29840618	0.00027689128	0.29850602	0.297634	200000	0.06992186	0.16592136	0.00012087822	-0.007015601	0.72943914	0.036570422	0.0	0.0	245.94017052650452
200	0.32173914	0.46714348	1.0	0.0	8.678261	0.2156762	0.00027807674	0.21577694	0.2149049	201000	-0.06501729	0.19503091	-0.0077145174	-0.0045738816	0.6597374	-0.14536308	0.0	79.0	248.31777262687683
201	0.19469027	0.39596206	1.0	0.0	8.805309	0.28245804	0.00027577364	0.28255695	0.28168494	202000	0.11990809	0.14530206	-0.028120868	-0.012750998	0.54761165	0.052581675	0.0	10.0	249.44042539596558
202	0.33043477	0.4703697	1.0	0.0	8.669565	0.17034726	0.00027805843	0.17044796	0.16957593	203000	-0.10603019	0.2078933	0.00248307	-0.014565557	0.7344609	0.06516249	0.0	0.0	250.56894516944885
203	0.27192983	0.44495392	1.0	0.0	8.72807	0.29109874	0.00027722173	0.29119864	0.29032663	204000	0.046379738	0.17308146	-0.003911983	-0.0027762502	0.6321058	0.032403257	0.0	24.0	251.7656764984131
204	0.25438598	0.43551555	1.0	0.0	8.745614	0.23851602	0.00027715074	0.23861587	0.23774384	205000	0.012831739	0.16307773	-0.0006076554	-0.00025980175	0.6667848	0.021741427	0.0	49.0	252.9393994808197
205	0.27192983	0.4449539	1.0	0.0	8.72807	0.22249816	0.00027715074	0.22259808	0.22172605	206000	-0.016294483	0.17054056	-0.0023994148	-0.00024275482	0.67147547	-0.1593675	0.0	79.0	254.29673504829407
206	0.28070176	0.44934204	1.0	0.0	8.719298	0.23790284	0.00027731623	0.23800282	0.23713079	207000	0.00020455015	0.1739144	-0.014786487	-6.584823e-05	0.53410494	0.05199505	0.0	16.0	255.4483163356781
207	0.28070176	0.44934207	1.0	0.0	8.719298	0.24591006	0.0002769115	0.2460099	0.24513787	208000	-0.0027848438	0.17384748	-0.0002548874	-7.4505806e-08	0.6531575	-0.12603344	0.0	79.0	256.76366901397705
208	0.28070176	0.44934204	1.0	0.0	8.719298	0.2460678	0.00027685624	0.24616759	0.24529555	209000	-0.0019106589	0.17384738	-0.00016723725	2.0861626e-07	0.8394003	0.15590121	0.577	0.0	257.85646653175354
209	0.28070176	0.44934204	1.0	0.0	8.719298	0.24607114	0.0002769299	0.24617094	0.2452989	210000	-0.0011383228	0.17384759	-0.00034071482	-4.4703484e-08	0.8373054	0.14483924	0.553	0.0	258.9516055583954
210	0.33043477	0.4703697	1.0	0.0	8.669565	0.24607028	0.00027802176	0.246171	0.24529897	211000	-0.04293739	0.19533084	-0.0055684485	-0.0020419955	0.5706581	-0.03858191	0.444	79.0	261.40022349357605
211	0.37391305	0.48384097	1.0	0.0	8.626087	0.29094818	0.00027816594	0.2910489	0.2901769	212000	-0.0366564	0.20717874	3.6794692e-05	-0.0016040355	0.7399378	0.0478451	0.0	0.0	262.53771114349365
212	0.27192983	0.4449539	1.0	0.0	8.72807	0.33086947	0.0002772034	0.33096945	0.33009744	213000	0.0761384	0.17884296	-0.0002661273	-0.008512363	0.7409419	0.053008687	0.0	0.0	263.6406843662262
213	0.28947368	0.45351815	1.0	0.0	8.710526	0.23950513	0.00027694833	0.23960498	0.23873295	214000	-0.015257051	0.17748468	4.014559e-05	-0.00020742416	0.7444431	0.058182348	0.0	0.0	264.74808406829834
214	0.22807017	0.4195881	1.0	0.0	8.77193	0.25380704	0.00027606895	0.2539061	0.25303409	215000	0.049576875	0.15370046	-0.004075248	-0.0030305684	0.64197654	0.035750933	0.0	13.0	265.93048453330994
215	0.23684211	0.4251446	1.0	0.0	8.763158	0.1989968	0.00027610824	0.19909585	0.19822381	216000	-0.008887142	0.15490064	-0.0010344302	-5.7846308e-05	0.659699	-0.14951368	0.51	79.0	267.242737531662
216	0.22807017	0.4195881	1.0	0.0	8.77193	0.20660028	0.0002762376	0.20669936	0.20582733	217000	0.0070825727	0.15073131	-5.156966e-05	-6.143749e-05	0.86727536	0.1851897	0.577	0.0	268.3777883052826
217	0.28070176	0.44934204	1.0	0.0	8.719298	0.19869682	0.0002771691	0.19879672	0.19792469	218000	-0.035403483	0.17608304	-0.00040430203	-0.0022183508	0.86645156	0.17654008	0.563	0.0	269.4646372795105
218	0.22123894	0.415081	1.0	0.0	8.778761	0.24624275	0.00027612675	0.24634182	0.2454698	219000	0.044090107	0.1488927	-0.00016626343	-0.002835542	0.86228585	0.16668057	0.547	0.0	270.5319080352783
219	0.33043477	0.4703697	1.0	0.0	8.669565	0.192469	0.00027835128	0.19256985	0.19169782	220000	-0.07650952	0.20304078	-0.0011842027	-0.009728	0.8573376	0.15633948	0.542	0.0	271.6139192581177
220	0.22807017	0.41958812	1.0	0.0	8.77193	0.291	0.00027608743	0.291099	0.290227	221000	0.09729085	0.15917858	-0.023364604	-0.008508205	0.5588899	0.057306875	0.0	8.0	273.9146327972412
221	0.20353982	0.40263054	1.0	0.0	8.79646	0.19960018	0.0002760528	0.19969921	0.19882718	222000	0.017513687	0.13764797	-0.00045026653	-0.0005121082	0.7429421	0.07650339	0.0	0.0	275.04721784591675
222	0.2982456	0.45748788	1.0	0.0	8.701755	0.17707016	0.00027687466	0.17716996	0.17629793	223000	-0.084787354	0.18773596	-0.0030636266	-0.007093355	0.62265515	-0.10302621	0.448	79.0	276.31499195098877
223	0.33043477	0.4703697	1.0	0.0	8.669565	0.2605138	0.00027816594	0.2606146	0.2597426	224000	-0.030606503	0.19423309	-0.0036242697	-0.00094762444	0.5851863	-0.052802693	0.0	79.0	277.56805062294006
224	0.28070176	0.44934204	1.0	0.0	8.719298	0.29113138	0.0002768545	0.2912312	0.29035917	225000	0.03909842	0.17586152	-0.003192488	-0.002007261	0.63658106	0.032043874	0.0	13.0	278.65715765953064
225	0.23684211	0.4251446	1.0	0.0	8.763158	0.24647895	0.00027614523	0.24657802	0.24570599	226000	0.032506958	0.15643045	-0.00031219795	-0.0015865117	0.72176063	0.039838914	0.0	0.0	279.71794414520264
226	0.2631579	0.4403474	1.0	0.0	8.736842	0.20662306	0.00027718753	0.206723	0.20585097	227000	-0.024150398	0.16717584	-0.002721781	-0.00055371225	0.65629387	-0.14307657	0.42	79.0	281.1133277416229
227	0.25438598	0.43551555	1.0	0.0	8.745614	0.23027636	0.0002772427	0.23037632	0.22950429	228000	0.012632966	0.16288003	-0.012737917	-6.2420964e-05	0.5488981	0.048042916	0.0	14.0	282.23035645484924
228	0.28947368	0.45351815	1.0	0.0	8.710526	0.22229499	0.00027724268	0.22239493	0.2215229	229000	-0.02955785	0.17827648	0.00042079948	-0.0009917915	0.72803605	0.05063095	0.0	0.0	283.2896807193756
229	0.2982456	0.45748788	1.0	0.0	8.701755	0.25421214	0.00027707487	0.254312	0.25344	230000	-0.0091885645	0.18063536	0.00011581369	-5.8740377e-05	0.7423749	0.0645084	0.0	0.0	284.3436806201935
230	0.28947368	0.45351818	1.0	0.0	8.710526	0.26200104	0.00027711163	0.262101	0.26122898	231000	0.004359092	0.17733645	-5.042972e-05	-6.316602e-05	0.7550597	0.07342547	0.0	0.0	286.4600055217743
231	0.2982456	0.45748788	1.0	0.0	8.701755	0.25394908	0.00027700144	0.25404894	0.25317693	232000	-0.00948748	0.1806396	9.605754e-05	-6.2808394e-05	0.76669586	0.08589254	0.0	0.0	287.5202386379242
232	0.23684211	0.4251446	1.0	0.0	8.763158	0.2619568	0.00027599517	0.2620558	0.2611838	233000	0.042284224	0.15790284	-0.00045001134	-0.0030572265	0.7768725	0.09891583	0.0	0.0	288.61905097961426
233	0.3478261	0.47628045	1.0	0.0	8.652174	0.20610036	0.00027809507	0.20620112	0.20532909	234000	-0.086200915	0.20877539	0.00056094676	-0.0101445615	0.7875725	0.106098264	0.0	0.0	289.687481880188
234	0.3043478	0.4601307	1.0	0.0	8.695652	0.30818126	0.00027713	0.30828118	0.30740917	235000	0.037521172	0.18604621	-0.0053205937	-0.0016474277	0.6014567	0.03428873	0.0	15.0	290.77994418144226
235	0.25438598	0.43551555	1.0	0.0	8.745614	0.26702607	0.00027731346	0.26712602	0.266254	236000	0.038734525	0.16480625	-0.0024015792	-0.0019836724	0.66034734	0.032851346	0.0	19.0	291.8958480358124
236	0.25438598	0.43551555	1.0	0.0	8.745614	0.22183844	0.0002771875	0.22193834	0.22106631	237000	-0.002642679	0.16281798	-0.000337861	-3.427267e-07	0.6628849	-0.15012315	0.0	79.0	293.1513388156891
237	0.24561404	0.43045068	1.0	0.0	8.754386	0.22236073	0.00027680097	0.22246051	0.22158848	238000	0.013655584	0.1589541	-0.013994513	-6.207824e-05	0.5425731	0.048756897	0.0	14.0	294.31573820114136
238	0.28947368	0.45351815	1.0	0.0	8.710526	0.21439816	0.00027726108	0.21449815	0.21362612	239000	-0.036366157	0.17883655	0.00059906766	-0.0015471578	0.72774076	0.0532121	0.0	0.0	295.39402055740356
239	0.25438598	0.43551555	1.0	0.0	8.745614	0.2541153	0.0002771483	0.25421518	0.25334316	240000	0.023939686	0.16382255	-0.0003785435	-0.0010029078	0.7443511	0.071087845	0.0	0.0	296.49116230010986
240	0.33913043	0.4734142	1.0	0.0	8.66087	0.22224887	0.0002782049	0.22234963	0.2214776	241000	-0.06682953	0.20191517	0.00079681724	-0.0058971047	0.7602901	0.077933	0.0	0.0	298.67736172676086
241	0.25438598	0.43551555	1.0	0.0	8.745614	0.3000489	0.00027705653	0.30014876	0.29927674	242000	0.061536018	0.16883408	-0.00079904497	-0.0059996843	0.77228403	0.09296276	0.0	0.0	299.7130720615387
242	0.27192983	0.44495392	1.0	0.0	8.72807	0.22144699	0.0002773346	0.22154698	0.22067495	243000	-0.02028233	0.17057455	-0.000100905076	-0.00027626753	0.6087292	-0.084797956	0.0	79.0	301.0204346179962
243	0.3043478	0.4601307	1.0	0.0	8.695652	0.2383155	0.00027733462	0.23841545	0.23754342	244000	-0.02760257	0.18525568	2.6436523e-05	-0.000857234	0.7913082	0.10429155	0.0	0.0	302.1117322444916
244	0.28947368	0.45351818	1.0	0.0	8.710526	0.26797023	0.00027712996	0.26807013	0.26719812	245000	0.009585762	0.1774657	-0.0015660599	-0.00019218028	0.60297245	0.020216428	0.0	22.0	303.25431871414185
245	0.2631579	0.44034737	1.0	0.0	8.736842	0.25397748	0.00027712996	0.25407735	0.25320533	246000	0.019401094	0.16717891	-0.0006885957	-0.00055871904	0.6790678	0.022355808	0.0	16.0	304.3821814060211
246	0.23684211	0.42514458	1.0	0.0	8.763158	0.23024903	0.00027599733	0.23034799	0.22947596	247000	0.018823326	0.15540107	-9.57232e-05	-0.00055781007	0.7152058	0.027268276	0.0	0.0	305.42918157577515
247	0.24561404	0.43045068	1.0	0.0	8.754386	0.20666333	0.00027713235	0.20676321	0.20589118	248000	-0.008733553	0.15895323	3.7439167e-05	-6.0722232e-05	0.72030425	0.032060355	0.0	0.0	306.44936180114746
248	0.28947368	0.45351815	1.0	0.0	8.710526	0.21439071	0.0002772059	0.2144906	0.21361858	249000	-0.03602696	0.17883743	9.319186e-05	-0.001548186	0.7246009	0.033254273	0.0	0.0	307.5836067199707
249	0.25438598	0.43551555	1.0	0.0	8.745614	0.25335628	0.00027689125	0.25345606	0.25258404	250000	0.02628291	0.16377491	-0.0014229715	-0.0009550601	0.6602242	0.023920452	0.0	15.0	308.68995356559753
250	0.28070176	0.44934207	1.0	0.0	8.719298	0.22282007	0.00027704035	0.22291993	0.2220479	251000	-0.022474576	0.17438716	0.00011756271	-0.00053425133	0.7158855	0.029257203	0.0	0.0	310.9083423614502
251	0.25438598	0.43551555	1.0	0.0	8.745614	0.2456047	0.0002772243	0.24570459	0.24483256	252000	0.018363021	0.16335602	-9.8856166e-05	-0.0005375147	0.72113013	0.032725938	0.0	0.0	311.98746275901794
252	0.2982456	0.45748788	1.0	0.0	8.701755	0.22276717	0.00027709556	0.22286709	0.22199506	253000	-0.038132705	0.18210413	-0.004567422	-0.0015111119	0.66084474	-0.14564204	0.0	79.0	313.25985622406006
253	0.2982456	0.45748788	1.0	0.0	8.701755	0.2610731	0.00027703817	0.261173	0.260301	254000	0.005839762	0.18057553	-0.013096398	-7.599592e-07	0.5477152	0.03574522	0.0	12.0	314.45446610450745
254	0.25438598	0.43551555	1.0	0.0	8.745614	0.261929	0.0002772951	0.26202902	0.261157	255000	0.032459162	0.16437793	-0.0006165728	-0.0015567541	0.7207817	0.046765693	0.0	0.0	315.49054074287415
255	0.28070176	0.44934204	1.0	0.0	8.719298	0.22293915	0.00027718753	0.22303903	0.222167	256000	-0.02398165	0.17438152	-0.0022694971	-0.0005287826	0.6484283	-0.13532947	0.43	79.0	316.78331089019775
256	0.33913043	0.4734142	1.0	0.0	8.66087	0.24573317	0.00027816833	0.24583396	0.24496193	257000	-0.047519777	0.19885647	-0.007081557	-0.0028519928	0.5574916	-0.026898537	0.454	79.0	318.09211921691895
257	0.27192983	0.44495392	1.0	0.0	8.72807	0.298461	0.0002770749	0.2985609	0.29768887	258000	0.052955385	0.17391047	-0.0030510873	-0.0036011934	0.6634536	0.030521825	0.0	11.0	319.15333890914917
258	0.2631579	0.44034737	1.0	0.0	8.736842	0.23932408	0.00027709553	0.23942395	0.23855191	259000	0.005948383	0.16670048	-0.00022992864	-8.161366e-05	0.66435224	0.012304548	0.0	79.0	320.3792099952698
259	0.2631579	0.44034737	1.0	0.0	8.736842	0.23041299	0.00027694833	0.2305128	0.22964077	260000	-0.0017276934	0.16661894	-0.00010257214	-1.4901161e-08	0.68263304	-0.068687655	0.0	79.0	321.6353967189789
260	0.28947368	0.45351818	1.0	0.0	8.710526	0.2302489	0.00027720592	0.23034883	0.2294768	261000	-0.02677021	0.17783736	-0.0010127984	-0.0005565882	0.6249568	-0.0996235	0.0	79.0	323.96746826171875
261	0.3043478	0.4601307	1.0	0.0	8.695652	0.2537009	0.0002773501	0.25380093	0.2529289	262000	-0.016307944	0.18459137	-3.971532e-05	-0.00019301474	0.8108864	0.12537956	0.0	0.0	325.0522871017456
262	0.25438598	0.43551555	1.0	0.0	8.745614	0.26760432	0.0002772034	0.26770425	0.26683223	263000	0.04472573	0.16485785	-0.008662734	-0.002035305	0.58977234	0.03665052	0.0	10.0	326.1867587566376
263	0.24561404	0.43045068	1.0	0.0	8.754386	0.22261111	0.00027726108	0.22271104	0.22183901	264000	0.0052165757	0.15895827	-7.04336e-05	-6.611645e-05	0.7298605	0.049946796	0.0	0.0	327.30075001716614
264	0.22807017	0.4195881	1.0	0.0	8.77193	0.21444991	0.00027596034	0.2145489	0.21367687	265000	0.012289995	0.15091608	-0.0007828055	-0.0002462268	0.6452496	0.020348359	0.0	53.0	328.4884822368622
265	0.27192983	0.44495392	1.0	0.0	8.72807	0.19859783	0.00027727947	0.19869778	0.19782574	266000	-0.03819312	0.17185517	-0.005945228	-0.0015494078	0.6755464	-0.16044539	0.0	79.0	329.6909136772156
266	0.25438598	0.43551555	1.0	0.0	8.745614	0.23829614	0.00027744487	0.23839612	0.23752409	267000	0.014074713	0.16307068	-0.0002535358	-0.0002527386	0.88695353	0.20992915	0.6	0.0	330.8070685863495
267	0.23684211	0.4251446	1.0	0.0	8.763158	0.22220588	0.00027636695	0.22230498	0.22143295	268000	0.022657147	0.15508561	-0.016785953	-0.0002426207	0.5334865	0.04897664	0.0	12.0	332.130300283432
268	0.28070176	0.44934204	1.0	0.0	8.719298	0.20639153	0.00027711393	0.2064914	0.20561936	269000	-0.03851298	0.17541644	-0.0048968866	-0.001556009	0.66245645	-0.15055671	0.0	79.0	333.3643465042114
269	0.24561404	0.43045068	1.0	0.0	8.754386	0.24640033	0.00027705877	0.24650016	0.24562813	270000	0.03886168	0.15990897	-0.017477678	-0.0010149479	0.5427648	0.040577915	0.0	11.0	334.4347276687622
270	0.27192983	0.4449539	1.0	0.0	8.72807	0.21408366	0.000277353	0.21418366	0.21331163	271000	-0.022742115	0.17087394	0.00046663918	-0.0005737543	0.7215297	0.048442613	0.0	0.0	336.73073387145996
271	0.3043478	0.4601307	1.0	0.0	8.695652	0.23839231	0.00027722432	0.23849224	0.2376202	272000	-0.030288685	0.18525097	-0.0027233995	-0.0008521378	0.64633226	-0.13041744	0.0	79.0	337.97758293151855
272	0.28070176	0.44934204	1.0	0.0	8.719298	0.26802227	0.00027731343	0.2681223	0.26725027	273000	0.016246911	0.17432447	-0.00014489889	-0.00047634542	0.846475	0.16131152	0.571	0.0	339.0048179626465
273	0.2982456	0.45748788	1.0	0.0	8.701755	0.24589686	0.00027715074	0.24599679	0.24512476	274000	-0.012525919	0.18083313	-0.00042915158	-0.00025373697	0.8443419	0.14709775	0.539	0.0	340.0855185985565
274	0.22807017	0.4195881	1.0	0.0	8.77193	0.2619853	0.0002762902	0.26208436	0.26121235	275000	0.06634347	0.15466763	-0.016822014	-0.003997192	0.56575465	0.05634114	0.0	9.0	341.14701795578003
275	0.17699115	0.3816612	1.0	0.0	8.823009	0.19799934	0.00027608976	0.19809836	0.19722633	276000	0.036295824	0.12483854	-0.0008063987	-0.00198441	0.74103034	0.070846155	0.0	0.0	342.20898818969727
276	0.28070176	0.44934207	1.0	0.0	8.719298	0.15314233	0.00027707714	0.1532422	0.15237017	277000	-0.09119718	0.18244061	-0.004158199	-0.008534238	0.6274221	-0.12134151	0.482	79.0	343.48274207115173
277	0.19469027	0.3959621	1.0	0.0	8.805309	0.24425837	0.00027592338	0.24435735	0.24348532	278000	0.07730654	0.13812976	-0.015908673	-0.0056114644	0.5716734	0.041683454	0.0	9.0	344.56911158561707
278	0.2631579	0.44034737	1.0	0.0	8.736842	0.16952783	0.00027716914	0.16962776	0.16875573	279000	-0.054186974	0.17029381	0.0010135286	-0.0036582053	0.72921664	0.054677345	0.0	0.0	345.665442943573
279	0.28947368	0.45351815	1.0	0.0	8.710526	0.23022108	0.00027718753	0.23032102	0.22944899	280000	-0.025004841	0.1778386	-0.0018648542	-0.0005579889	0.6410591	-0.12192061	0.0	79.0	346.94707560539246
280	0.28947368	0.45351818	1.0	0.0	8.710526	0.2538419	0.00027718506	0.25394186	0.25306985	281000	0.0030922552	0.17727378	-0.007898468	2.0861626e-07	0.5691293	0.036323264	0.0	11.0	349.3312602043152
281	0.31304348	0.46373188	1.0	0.0	8.686956	0.25400427	0.0002772951	0.25410426	0.25323224	282000	-0.022309633	0.18794744	-0.0027533025	-0.00046165287	0.6612957	-0.14777651	0.0	79.0	350.61960530281067
282	0.16814159	0.373992	1.0	0.0	8.831859	0.27523434	0.00027601363	0.27533332	0.2744613	283000	0.1355636	0.13463748	-0.030810773	-0.016760238	0.54492396	0.06279425	0.0	9.0	351.6657042503357
283	0.33043477	0.4703697	1.0	0.0	8.669565	0.14393927	0.00027842444	0.14404012	0.14316809	284000	-0.12851292	0.21496321	0.0032523274	-0.021611124	0.73824906	0.071969226	0.0	0.0	352.7129137516022
284	0.22807017	0.4195881	1.0	0.0	8.77193	0.2892265	0.0002760505	0.28932554	0.28845352	285000	0.0726556	0.15885493	-0.0018587112	-0.00818333	0.76388144	0.09992407	0.0	0.0	353.78121972084045
285	0.22807017	0.4195881	1.0	0.0	8.77193	0.20009384	0.00027629305	0.20019296	0.19932093	286000	-0.0027850026	0.1506716	7.204106e-05	-1.8030405e-06	0.6050212	0.01755748	0.0	29.0	354.91190695762634
286	0.22807017	0.4195881	1.0	0.0	8.77193	0.19877191	0.00027596034	0.19887087	0.19799884	287000	-0.0017857035	0.15066983	-0.000112724956	-1.4901161e-07	0.6848912	-0.069236845	0.0	79.0	356.12973380088806
287	0.21238938	0.40899897	1.0	0.0	8.787611	0.19875616	0.00027592338	0.19885513	0.1979831	288000	0.010381846	0.14184518	-0.0008499967	-0.00019478798	0.62367886	0.020420242	0.0	36.0	357.3034770488739
288	0.3043478	0.4601307	1.0	0.0	8.695652	0.18485284	0.00027709553	0.1849527	0.18408068	289000	-0.077297516	0.19124402	-0.0125223845	-0.0068449676	0.67744607	-0.16878429	0.514	79.0	358.50870990753174
289	0.22123894	0.41508096	1.0	0.0	8.778761	0.2669247	0.00027616115	0.26702374	0.26615173	290000	0.08648134	0.15151644	-0.029175665	-0.0054421127	0.5249312	0.05784173	0.0	11.0	359.7353823184967
290	0.22807017	0.4195881	1.0	0.0	8.77193	0.19391999	0.0002761637	0.19401903	0.193147	291000	-0.0059721596	0.15069324	0.00017079525	-2.3290515e-05	0.7410028	0.077182285	0.0	0.0	362.14413714408875
291	0.23684211	0.4251446	1.0	0.0	8.763158	0.19871643	0.00027597888	0.19881544	0.1979434	292000	-0.009400401	0.15490507	0.00024129637	-6.236136e-05	0.7700194	0.107394315	0.0	0.0	363.20768094062805
292	0.2982456	0.45748788	1.0	0.0	8.701755	0.20660454	0.00027704035	0.20670442	0.20583239	293000	-0.04720056	0.18362252	0.0010134429	-0.0030158758	0.79602283	0.12193309	0.0	0.0	364.2457695007324
293	0.22123894	0.415081	1.0	0.0	8.778761	0.26162	0.0002758106	0.2617189	0.26084688	294000	0.067113936	0.15076247	-0.013168991	-0.0046935678	0.5823816	0.05434326	0.0	15.0	365.32152009010315
294	0.32173914	0.46714348	1.0	0.0	8.678261	0.19315204	0.00027811335	0.19325277	0.19238074	295000	-0.07951236	0.19858406	0.0012968108	-0.008119836	0.7376927	0.061001956	0.0	0.0	366.3446407318115
295	0.27192983	0.44495392	1.0	0.0	8.72807	0.28257355	0.0002770749	0.28267348	0.28180146	296000	0.034796875	0.17225617	-0.0005567111	-0.0019539744	0.7541368	0.07820584	0.0	0.0	367.4458837509155
296	0.25438598	0.43551555	1.0	0.0	8.745614	0.23864023	0.00027720592	0.23874012	0.23786809	297000	0.013184109	0.16308188	-0.0011876393	-0.00026383996	0.62155336	0.022572933	0.0	33.0	368.6262855529785
297	0.24561404	0.43045068	1.0	0.0	8.754386	0.22239618	0.00027694833	0.222496	0.22162397	298000	0.004976327	0.15895477	-2.042763e-05	-6.276369e-05	0.71595275	0.027342046	0.0	0.0	369.7538788318634
298	0.28070176	0.44934207	1.0	0.0	8.719298	0.21443915	0.00027709556	0.21453904	0.213667	299000	-0.031270638	0.17484498	-0.004277222	-0.0009889156	0.6669339	-0.15485623	0.474	79.0	370.96784257888794
299	0.28947368	0.45351815	1.0	0.0	8.710526	0.24620093	0.00027702193	0.24630082	0.24542879	300000	-0.00078484596	0.17733535	-0.0142606385	-5.9962273e-05	0.53725976	0.04759118	0.0	15.0	372.05909037590027
300	0.2982456	0.45748788	1.0	0.0	8.701755	0.25405785	0.00027716666	0.25415775	0.25328574	301000	-0.010053419	0.1806379	-0.0011849329	-6.121397e-05	0.66049325	-0.14210011	0.0	79.0	374.5755817890167
301	0.2631579	0.44034737	1.0	0.0	8.736842	0.26200214	0.00027725843	0.262102	0.26123	302000	0.03899082	0.16762197	-0.017059509	-0.0010004938	0.5490737	0.054378632	0.0	12.0	375.6718828678131
302	0.28070176	0.44934204	1.0	0.0	8.719298	0.22992761	0.00027713232	0.23002751	0.22915548	303000	-0.016074283	0.17410791	0.00027085468	-0.00025741756	0.7412435	0.06624345	0.0	0.0	376.72604990005493
303	0.33913043	0.4734142	1.0	0.0	8.66087	0.246148	0.00027820488	0.24624881	0.24537678	304000	-0.05371717	0.19881232	-0.0030310377	-0.0028080791	0.6320355	-0.11496493	0.0	79.0	377.94270277023315
304	0.18584071	0.3889781	1.0	0.0	8.814159	0.29974008	0.00027599515	0.2998391	0.2989671	305000	0.13887842	0.14686131	-0.024938554	-0.019059524	0.57714415	0.059383072	0.0	8.0	379.0019428730011
305	0.35652173	0.4789718	1.0	0.0	8.643478	0.16165592	0.0002783147	0.1617567	0.16088466	306000	-0.1471659	0.22451279	-0.014137134	-0.023330986	0.6428954	-0.22925396	0.461	79.0	380.2231996059418
306	0.19469027	0.3959621	1.0	0.0	8.805309	0.31231025	0.00027640077	0.31240937	0.31153736	307000	0.17313199	0.15292838	-0.049999848	-0.020343497	0.46119946	0.06819942	1.0	14.0	381.3725800514221
307	0.22807017	0.41958812	1.0	0.0	8.77193	0.1699999	0.00027594186	0.1700989	0.16922687	308000	-0.02669543	0.15149677	0.0008315034	-0.00082696974	0.73143244	0.07050113	0.0	0.0	382.4219858646393
308	0.28070176	0.44934207	1.0	0.0	8.719298	0.19857086	0.00027678258	0.19867063	0.1977986	309000	-0.048823964	0.1760949	-0.0023278072	-0.0022302568	0.62779063	-0.10829537	0.45	79.0	383.62120604515076
309	0.24561404	0.43045068	1.0	0.0	8.754386	0.24539317	0.00027700356	0.24549305	0.24462102	310000	0.030022182	0.15984564	-0.008283744	-0.000951916	0.5803729	0.032771174	0.0	12.0	384.6971070766449
310	0.25438598	0.43551555	1.0	0.0	8.745614	0.21490937	0.00027713232	0.21500929	0.21413726	311000	-0.008422158	0.16287316	8.502696e-05	-5.5223703e-05	0.71558136	0.03282585	0.0	0.0	387.16011357307434
311	0.28947368	0.45351815	1.0	0.0	8.710526	0.22222397	0.00027724268	0.22232392	0.2214519	312000	-0.029479362	0.17828071	0.00024265051	-0.0009957105	0.72572905	0.040850356	0.0	0.0	388.2386736869812
312	0.27192983	0.44495392	1.0	0.0	8.72807	0.25331643	0.00027718506	0.25341636	0.25254434	313000	0.010577391	0.1705234	-8.235779e-05	-0.00022757053	0.73399496	0.050345358	0.0	0.0	389.40431690216064
313	0.25438598	0.43551555	1.0	0.0	8.745614	0.23843044	0.0002772243	0.23853034	0.2376583	314000	0.012079514	0.16307496	-0.0007552523	-0.0002568066	0.6467417	0.021211598	0.0	47.0	390.6095519065857
314	0.22807017	0.4195881	1.0	0.0	8.77193	0.22256076	0.00027603432	0.22265975	0.22178772	315000	0.019113667	0.15123664	-7.140264e-05	-0.00056672096	0.711305	0.02202905	0.0	0.0	391.6407744884491
315	0.33913043	0.47341418	1.0	0.0	8.66087	0.19887808	0.00027815	0.19897883	0.1981068	316000	-0.09401667	0.20605026	-0.013986208	-0.010014534	0.67171615	-0.16113119	0.476	79.0	392.85314893722534
316	0.2982456	0.45748785	1.0	0.0	8.701755	0.297756	0.00027690962	0.29785576	0.29698375	317000	0.04471145	0.18184084	-0.022652652	-0.0012627095	0.5312126	0.04246738	0.0	13.0	394.0114793777466
317	0.2982456	0.45748788	1.0	0.0	8.701755	0.2625896	0.00027712996	0.26268947	0.26181746	318000	-0.0016703801	0.18057522	-0.00016479043	-6.4074993e-07	0.6676281	-0.1195772	0.0	79.0	395.22157645225525
318	0.22807017	0.41958812	1.0	0.0	8.77193	0.26194844	0.00027630865	0.26204756	0.26117554	319000	0.06382563	0.15466319	-0.013866212	-0.0039931685	0.5735412	0.03794754	0.0	10.0	396.27838373184204
319	0.2631579	0.44034737	1.0	0.0	8.736842	0.19905789	0.00027709556	0.19915782	0.19828579	320000	-0.029249057	0.1675892	0.00048334524	-0.0009651333	0.72108936	0.046154786	0.0	0.0	397.38857340812683
320	0.28070176	0.44934204	1.0	0.0	8.719298	0.23009016	0.00027694833	0.23018996	0.22931793	321000	-0.0174986	0.17410286	-0.0017068628	-0.00025224686	0.6504468	-0.13402164	0.0	79.0	400.02841234207153
321	0.28947368	0.45351818	1.0	0.0	8.710526	0.24606684	0.00027696672	0.24616666	0.24529463	322000	-0.0034266768	0.17733768	-0.009654082	-6.2048435e-05	0.5573728	0.026965162	0.0	14.0	401.2180597782135
322	0.35652173	0.4789718	1.0	0.0	8.643478	0.2540336	0.00027822074	0.25413436	0.25326234	323000	-0.0558609	0.20476657	0.00049841776	-0.0037108809	0.7120526	0.02802887	0.0	0.0	402.3482475280762
323	0.27192983	0.44495392	1.0	0.0	8.72807	0.31555885	0.00027727676	0.3156588	0.3147868	324000	0.065300815	0.17625223	-0.00066325814	-0.005933419	0.7210151	0.037151817	0.0	0.0	403.41387844085693
324	0.3043478	0.4601307	1.0	0.0	8.695652	0.23813243	0.0002773162	0.23823242	0.23736039	325000	-0.028090473	0.18526633	0.0002331771	-0.0008678585	0.7312236	0.04922567	0.0	0.0	404.43479895591736
325	0.2631579	0.4403474	1.0	0.0	8.736842	0.2678333	0.00027705653	0.26793316	0.26706114	326000	0.03270627	0.16802442	-0.0022874083	-0.0014015585	0.64879453	0.028481646	0.0	22.0	405.6307108402252
326	0.24561404	0.43045068	1.0	0.0	8.754386	0.22997074	0.00027705875	0.23007062	0.22919859	327000	0.012397773	0.15913165	-0.0005759103	-0.00023920834	0.66576636	0.019464869	0.0	40.0	406.83283495903015
327	0.27192983	0.4449539	1.0	0.0	8.72807	0.21428305	0.00027716914	0.21438298	0.21351095	328000	-0.022662763	0.17086416	5.803816e-05	-0.00056409836	0.7133324	0.021877496	0.0	0.0	407.98130536079407
328	0.33043477	0.4703697	1.0	0.0	8.669565	0.23838979	0.0002782232	0.23849057	0.23761854	329000	-0.048662383	0.19608387	3.548339e-05	-0.0027920455	0.7158972	0.02439726	0.0	0.0	409.1471951007843
329	0.28070176	0.44934207	1.0	0.0	8.719298	0.29201928	0.00027722176	0.2921192	0.2912472	330000	0.039799567	0.1759415	-0.0017885044	-0.002086401	0.6702064	0.022815445	0.0	9.0	410.30985021591187
330	0.2631579	0.44034737	1.0	0.0	8.736842	0.24566576	0.00027700354	0.24576557	0.24489354	331000	0.011455637	0.16685495	-8.487981e-05	-0.00023569167	0.7161852	0.030670252	0.0	0.0	412.8588147163391
331	0.20353982	0.40263057	1.0	0.0	8.79646	0.23011136	0.00027599733	0.23021041	0.22933838	332000	0.04685376	0.139952	-0.00269242	-0.0028049648	0.66357446	0.03065973	0.0	14.0	413.9283137321472
332	0.2631579	0.44034737	1.0	0.0	8.736842	0.17646097	0.00027711393	0.17656088	0.17568885	333000	-0.051423598	0.16950269	-0.0067593157	-0.0028699338	0.6643889	-0.15352233	0.495	79.0	415.14089465141296
333	0.25438598	0.43551555	1.0	0.0	8.745614	0.23075362	0.00027744487	0.23085365	0.22998162	334000	0.016834369	0.16288768	-0.015158881	-7.009506e-05	0.5397593	0.045391724	0.0	15.0	416.2197456359863
334	0.31304348	0.46373186	1.0	0.0	8.686956	0.22230127	0.00027705875	0.22240114	0.22152911	335000	-0.052029695	0.19031385	-0.0058882125	-0.0028252453	0.6569343	-0.14425611	0.466	79.0	417.4877099990845
335	0.22807017	0.41958812	1.0	0.0	8.77193	0.27600563	0.00027593982	0.2761046	0.27523258	336000	0.08043704	0.15663722	-0.022592701	-0.0059660226	0.5470605	0.05615265	0.0	11.0	418.63527274131775
336	0.25438598	0.43551555	1.0	0.0	8.745614	0.19763541	0.00027707717	0.19773525	0.19686322	337000	-0.024822861	0.16342753	-0.0030231215	-0.0006071627	0.66076505	-0.1472531	0.0	79.0	419.8586804866791
337	0.22807017	0.4195881	1.0	0.0	8.77193	0.2226119	0.00027634847	0.22271101	0.22183898	338000	0.020321924	0.15123907	-9.6883625e-05	-0.00056909025	0.8659638	0.17934689	0.566	0.0	420.93407464027405
338	0.18584071	0.3889781	1.0	0.0	8.814159	0.19851321	0.00027616372	0.19861232	0.19774029	339000	0.029323947	0.12912314	-0.0001333151	-0.0013853759	0.8641216	0.18578702	0.596	0.0	421.9727578163147
339	0.2631579	0.44034737	1.0	0.0	8.736842	0.16099374	0.00027729786	0.16109368	0.16022165	340000	-0.06568907	0.17139898	-0.0044282377	-0.004758179	0.54945016	-0.0066038254	0.415	79.0	423.2149703502655
340	0.33043477	0.4703697	1.0	0.0	8.669565	0.23082308	0.00027833297	0.23092392	0.23005189	341000	-0.05776018	0.19694082	-0.00858324	-0.0036461204	0.6721421	-0.16133417	0.466	79.0	425.7050950527191
341	0.21238938	0.40899897	1.0	0.0	8.787611	0.2920646	0.0002765849	0.2921638	0.29129177	342000	0.114966854	0.15308627	-0.030787408	-0.011371031	0.53059924	0.05322362	0.0	11.0	426.8412356376648
342	0.21238938	0.40899897	1.0	0.0	8.787611	0.18450382	0.00027594186	0.18460281	0.18373078	343000	-0.002079179	0.14165075	5.8291014e-05	-1.1920929e-07	0.72224045	0.058841363	0.0	0.0	427.93196964263916
343	0.2631579	0.44034737	1.0	0.0	8.736842	0.18469262	0.00027720592	0.18479258	0.18392055	344000	-0.044767886	0.16868809	-0.0032052733	-0.0020590276	0.63874805	-0.1283699	0.508	79.0	429.1629147529602
344	0.2982456	0.45748788	1.0	0.0	8.701755	0.23066725	0.0002772243	0.23076715	0.22989511	345000	-0.026052395	0.18155065	-0.00030557998	-0.00096300244	0.83722246	0.15018277	0.568	0.0	430.2453088760376
345	0.22807017	0.4195881	1.0	0.0	8.77193	0.26216194	0.00027588443	0.26226088	0.26138887	346000	0.049500167	0.15469019	-0.0001315996	-0.004019752	0.83405733	0.14065464	0.547	0.0	431.33368611335754
346	0.28070176	0.44934207	1.0	0.0	8.719298	0.19787574	0.00027694833	0.19797553	0.1971035	347000	-0.040333588	0.17616089	-0.0007147603	-0.0022955388	0.830089	0.13815323	0.564	0.0	432.4221818447113
347	0.2631579	0.44034737	1.0	0.0	8.736842	0.24647073	0.00027694833	0.24657057	0.24569854	348000	0.009067611	0.16688022	-0.0006362749	-0.00026087463	0.8230878	0.13502249	0.587	0.0	433.5198769569397
348	0.24561404	0.43045068	1.0	0.0	8.754386	0.23006922	0.0002769851	0.23016909	0.22929706	349000	0.008340348	0.15913464	-0.00038154982	-0.00024209917	0.8143374	0.121221684	0.0	0.0	434.6077837944031
349	0.15044248	0.35750464	1.0	0.0	8.849558	0.21430352	0.00027492907	0.21440163	0.2135296	350000	0.06409171	0.11458492	0.00044760108	-0.0071188286	0.80419004	0.115409404	0.0	0.0	435.60519909858704
350	0.23684211	0.4251446	1.0	0.0	8.763158	0.12870172	0.00027596034	0.1288007	0.12792867	351000	-0.06629874	0.16090661	-0.0005657822	-0.0060566515	0.79722977	0.10098817	0.0	0.0	438.2031738758087
351	0.25438598	0.43551555	1.0	0.0	8.745614	0.2073911	0.00027700356	0.20749098	0.20661895	352000	-0.015128799	0.16304135	-0.00012385007	-0.00022253394	0.7887324	0.09039176	0.0	0.0	439.25337958335876
352	0.23684211	0.4251446	1.0	0.0	8.763158	0.2225212	0.00027597885	0.22262016	0.22174813	353000	0.012143272	0.15509555	-0.0011342848	-0.0002527088	0.6127481	0.020188197	0.0	19.0	440.3642978668213
353	0.35652173	0.4789718	1.0	0.0	8.643478	0.20638467	0.00027842444	0.20648552	0.2056135	354000	-0.097509004	0.21283337	5.158037e-05	-0.0117263645	0.7108114	0.017933613	0.0	0.0	441.4904227256775
354	0.28070176	0.44934207	1.0	0.0	8.719298	0.31530976	0.0002772401	0.31540975	0.31453773	355000	0.060342316	0.17860612	-0.0029202178	-0.0047386885	0.67527914	0.032725386	0.0	7.0	442.5794036388397
355	0.33913043	0.47341418	1.0	0.0	8.66087	0.2463646	0.00027824152	0.24646536	0.24559332	356000	-0.051322144	0.19878943	-0.0063845627	-0.0027857125	0.66238713	-0.15216936	0.48	79.0	443.8094689846039
356	0.24561404	0.43045068	1.0	0.0	8.754386	0.29926464	0.00027696474	0.29936445	0.29849243	357000	0.09161064	0.16606586	-0.025763988	-0.007160917	0.5402161	0.043704934	0.0	10.0	444.9128541946411
357	0.28070176	0.44934204	1.0	0.0	8.719298	0.21495746	0.0002772243	0.2150574	0.21418537	358000	-0.028945584	0.17481264	0.0006745197	-0.00095675886	0.7190124	0.049224555	0.0	0.0	446.0260126590729
358	0.28947368	0.45351815	1.0	0.0	8.710526	0.24587253	0.0002772243	0.24597247	0.24510044	359000	-0.009422705	0.17734061	0.00019754376	-6.516278e-05	0.74259055	0.072262876	0.0	0.0	447.1483836174011
359	0.23684211	0.42514458	1.0	0.0	8.763158	0.25400388	0.00027623493	0.25410298	0.25323096	360000	0.03590763	0.15708649	-0.0007247776	-0.002241701	0.76377726	0.09784525	0.0	0.0	448.24475860595703
360	0.2631579	0.4403474	1.0	0.0	8.736842	0.2062702	0.0002772427	0.20637016	0.20549813	361000	-0.022436848	0.16719258	0.00039323047	-0.00057031214	0.7841684	0.11048582	0.0	0.0	450.88892936706543
361	0.28070176	0.44934204	1.0	0.0	8.719298	0.23043264	0.00027720592	0.23053253	0.2296605	362000	-0.015873587	0.1740921	0.00024262257	-0.00024172664	0.8018497	0.12662864	0.0	0.0	451.99867057800293
362	0.25438598	0.43551555	1.0	0.0	8.745614	0.24620688	0.00027735298	0.24630684	0.2454348	363000	0.015717873	0.16338424	0.00070893764	-0.00056554377	0.8172523	0.14058347	0.549	0.0	453.06580233573914
363	0.2631579	0.4403474	1.0	0.0	8.736842	0.22207236	0.00027718753	0.22217228	0.22130024	364000	-0.0062720366	0.16668583	-0.005590913	-6.632507e-05	0.573486	0.02478138	0.0	20.0	454.15170669555664
364	0.21238938	0.40899897	1.0	0.0	8.787611	0.23031656	0.0002760343	0.23041558	0.22954355	365000	0.037727736	0.14371218	-0.0002717711	-0.0020525455	0.7143159	0.029857598	0.0	0.0	455.2049140930176
365	0.25438598	0.43551555	1.0	0.0	8.745614	0.1844897	0.00027698514	0.18458953	0.1837175	366000	-0.03711964	0.16424786	-0.004991941	-0.0014247894	0.66553295	-0.15168358	0.039	79.0	456.43187069892883
366	0.24561404	0.43045068	1.0	0.0	8.754386	0.22260152	0.00027700354	0.22270139	0.22182935	367000	0.0076237107	0.15895806	-6.143283e-05	-6.610155e-05	0.8750049	0.19545995	0.585	0.0	457.4730317592621
367	0.22807017	0.4195881	1.0	0.0	8.77193	0.21446708	0.00027597888	0.21456608	0.21369405	368000	0.014270863	0.15091653	-0.0001552673	-0.00024670362	0.87409276	0.18942435	0.575	0.0	458.58779215812683
368	0.22807017	0.41958812	1.0	0.0	8.77193	0.19879721	0.00027607128	0.19889626	0.19802423	369000	0.0071961614	0.15066974	-0.012458181	1.4901161e-08	0.54191005	0.039011315	0.0	15.0	459.7216856479645
369	0.25438598	0.43551555	1.0	0.0	8.745614	0.19875303	0.0002771507	0.19885293	0.1979809	370000	-0.022323804	0.16337366	0.00027963333	-0.00055357814	0.7252387	0.044763993	0.0	0.0	460.7986283302307
370	0.3043478	0.4601307	1.0	0.0	8.695652	0.22197963	0.00027716914	0.22207958	0.22120754	371000	-0.041376185	0.18647893	0.00041532516	-0.0020799786	0.7378442	0.054964263	0.0	0.0	463.5097885131836
371	0.2631579	0.44034737	1.0	0.0	8.736842	0.26702008	0.00027705656	0.26712	0.266248	372000	0.028747128	0.16796428	-0.00028786436	-0.0013415366	0.74793255	0.06535124	0.0	0.0	464.6365714073181
372	0.25438598	0.43551555	1.0	0.0	8.745614	0.23087971	0.00027724268	0.23097965	0.23010762	373000	0.0044707	0.16288991	2.3236498e-06	-7.222593e-05	0.63224834	-0.056234673	0.0	79.0	465.9308030605316
373	0.27192983	0.44495392	1.0	0.0	8.72807	0.22250621	0.00027715074	0.22260608	0.22173405	374000	-0.0155088175	0.17054035	-2.6816502e-05	-0.00024220347	0.7585883	0.06474623	0.0	0.0	467.1201891899109
374	0.2631579	0.4403474	1.0	0.0	8.736842	0.23786804	0.0002771507	0.23796795	0.23709592	375000	0.0047244183	0.16667667	-0.00034533488	-5.7652593e-05	0.6332507	0.016452648	0.0	53.0	468.3409368991852
375	0.19469027	0.3959621	1.0	0.0	8.805309	0.23034284	0.00027614526	0.23044191	0.22956988	376000	0.053713586	0.13623862	-0.0021837242	-0.003727913	0.6773915	0.026354922	0.0	7.0	469.42172169685364
376	0.28947368	0.45351815	1.0	0.0	8.710526	0.1701419	0.00027727944	0.17024188	0.16936985	377000	-0.07847106	0.18426843	-0.011014201	-0.006937921	0.66804457	-0.15732576	0.0	79.0	470.64347529411316
377	0.19469027	0.3959621	1.0	0.0	8.805309	0.252934	0.00027629023	0.2530331	0.2521611	378000	0.0914402	0.13950391	-0.025896154	-0.0069790035	0.53670055	0.05747744	0.0	11.0	471.7033097743988
378	0.31304348	0.46373188	1.0	0.0	8.686956	0.16862002	0.00027713232	0.1687199	0.16784787	379000	-0.09419973	0.19890037	0.0020468235	-0.01140137	0.7340567	0.06464665	0.0	0.0	472.7856147289276
379	0.25438598	0.43551555	1.0	0.0	8.745614	0.27669975	0.00027703817	0.27679956	0.27592754	380000	0.048168734	0.16576095	-0.0039729252	-0.0029357523	0.6339901	0.03043483	0.0	26.0	473.9263186454773
380	0.22807017	0.41958812	1.0	0.0	8.77193	0.22191754	0.0002760528	0.22201653	0.2211445	381000	0.018482802	0.15120637	-0.00021621585	-0.0005363077	0.72007036	0.038018554	0.0	0.0	476.44802951812744
381	0.21238938	0.40899897	1.0	0.0	8.787611	0.198433	0.00027610827	0.19853203	0.19766	382000	0.010246945	0.14183657	-0.0001122253	-0.0001861155	0.73183775	0.048144206	0.0	0.0	477.486857175827
382	0.38793105	0.48727867	1.0	0.0	8.612069	0.18458962	0.00027815	0.18469037	0.18381834	383000	-0.15293267	0.23616101	-0.015376151	-0.025489002	0.6457977	-0.22876704	0.485	79.0	478.7069926261902
383	0.25438598	0.43551555	1.0	0.0	8.745614	0.34236002	0.00027736847	0.34245998	0.34158796	384000	0.14845651	0.17717288	-0.047154747	-0.014314115	0.46410263	0.05742149	1.0	14.0	479.80334544181824
384	0.31304348	0.46373188	1.0	0.0	8.686956	0.22433859	0.00027711396	0.22443853	0.2235665	385000	-0.049663696	0.19010168	-0.006553691	-0.0026131272	0.6644417	-0.15167801	0.473	79.0	481.06966161727905
385	0.28070176	0.44934207	1.0	0.0	8.719298	0.2747236	0.0002768545	0.27482337	0.27395135	386000	0.02248538	0.17466055	-0.00023004226	-0.0008111447	0.8736212	0.19838458	0.605	0.0	482.1277561187744
386	0.22807017	0.4195881	1.0	0.0	8.77193	0.24666445	0.00027588636	0.24676338	0.24589135	387000	0.03769786	0.152965	-0.00022714958	-0.0022948533	0.87035644	0.19273938	0.602	0.0	483.2029745578766
387	0.22807017	0.4195881	1.0	0.0	8.77193	0.19945092	0.00027603432	0.19954997	0.19867794	388000	0.0070437356	0.15067002	-0.011492585	-2.8312206e-07	0.5459441	0.03535687	0.0	14.0	484.3428337574005
388	0.21238938	0.40899897	1.0	0.0	8.787611	0.19876209	0.00027612675	0.19886114	0.1979891	389000	0.01124059	0.14184546	-0.0005091792	-0.00019492209	0.66717803	0.01914614	0.0	62.0	485.6382546424866
389	0.23684211	0.4251446	1.0	0.0	8.763158	0.1849021	0.00027597888	0.18500108	0.18412904	390000	-0.021684162	0.15531358	-0.0032970235	-0.00047019124	0.67316717	-0.16136096	0.0	79.0	487.01124000549316
390	0.24561404	0.43045068	1.0	0.0	8.754386	0.20653467	0.0002769299	0.20663448	0.20576245	391000	0.001463827	0.1589552	-0.014263522	-6.298721e-05	0.53162646	0.0412294	0.0	17.0	489.79880356788635
391	0.24561404	0.43045068	1.0	0.0	8.754386	0.21449563	0.00027724268	0.2145956	0.21372357	392000	-0.001989004	0.15889204	-0.0002303659	2.2351742e-07	0.65978223	-0.14318757	0.0	79.0	491.01408433914185
392	0.21238938	0.40899897	1.0	0.0	8.787611	0.21447624	0.00027660682	0.21457544	0.21370341	393000	0.02266851	0.14252792	-7.378496e-05	-0.0008742362	0.859998	0.18482731	0.601	0.0	492.0679705142975
393	0.33043477	0.4703697	1.0	0.0	8.669565	0.18451752	0.00027842444	0.18461835	0.18374632	394000	-0.10239128	0.20467287	-0.0027565062	-0.011355072	0.5511998	-0.009728649	0.426	79.0	493.3533489704132
394	0.33043477	0.4703697	1.0	0.0	8.669565	0.29112545	0.00027812942	0.2912262	0.2903542	395000	-0.002594254	0.19328147	1.0071555e-05	-7.4505806e-08	0.7142968	0.025779417	0.0	0.0	494.46374130249023
395	0.3043478	0.4601307	1.0	0.0	8.695652	0.29141352	0.00027722176	0.29151347	0.29064146	396000	0.01849361	0.18496598	-7.628463e-05	-0.0005674213	0.7181848	0.03000503	0.0	0.0	495.51332926750183
396	0.20353982	0.40263057	1.0	0.0	8.79646	0.26735774	0.00027621648	0.26745683	0.2665848	397000	0.081013665	0.14527328	-0.0051388294	-0.008099422	0.6648029	0.037409082	0.0	8.0	496.5603988170624
397	0.27192983	0.44495392	1.0	0.0	8.72807	0.1771798	0.00027720592	0.17727974	0.17640771	398000	-0.058794335	0.17399888	-0.006745167	-0.003681615	0.6572925	-0.14242828	0.0	79.0	497.81825017929077
398	0.2631579	0.4403474	1.0	0.0	8.736842	0.23787312	0.00027683785	0.23797289	0.23710085	399000	0.01353998	0.16667657	-0.013231712	-5.7831407e-05	0.5486847	0.046145946	0.0	13.0	498.92097878456116
399	0.22807017	0.4195881	1.0	0.0	8.77193	0.23024213	0.00027603432	0.2303411	0.22946908	400000	0.027050026	0.15166107	-0.001687523	-0.0009911805	0.6568279	0.029556464	0.0	34.0	500.0426411628723
400	0.28070176	0.44934204	1.0	0.0	8.719298	0.19843498	0.0002771507	0.19853489	0.19766286	401000	-0.04594856	0.17610767	-0.0060847215	-0.0022424757	0.6658184	-0.15046436	0.0	79.0	502.91063928604126
401	0.14285715	0.3499271	1.0	0.0	8.857142	0.2463356	0.00027474316	0.24643365	0.24556161	402000	0.096698105	0.11698595	5.0887465e-06	-0.014926612	0.8720335	0.19430219	0.591	0.0	503.9764516353607
402	0.24561404	0.43045068	1.0	0.0	8.754386	0.12498901	0.000276817	0.1250888	0.12421677	403000	-0.0857613	0.1668849	-0.001801379	-0.007974729	0.54222506	0.016315704	0.0	51.0	505.1276879310608
403	0.24561404	0.43045068	1.0	0.0	8.754386	0.21317518	0.00027700354	0.21327505	0.21240301	404000	-0.0029943385	0.15889399	-0.00023326022	-1.9818544e-06	0.69627035	-0.07188618	0.0	79.0	506.4083619117737
404	0.27192983	0.4449539	1.0	0.0	8.72807	0.21447052	0.0002772243	0.21457043	0.2136984	405000	-0.022587994	0.17085521	2.2538006e-06	-0.0005553216	0.77061045	0.08074835	0.0	0.0	507.4523684978485
405	0.3043478	0.4601307	1.0	0.0	8.695652	0.23794265	0.00027718753	0.23804256	0.23717053	406000	-0.032539543	0.18527737	-0.0009053983	-0.0008788407	0.62116975	-0.095488295	0.0	79.0	508.66546177864075
406	0.19469027	0.3959621	1.0	0.0	8.805309	0.26762018	0.00027606898	0.26771918	0.26684716	407000	0.093973905	0.14217117	-0.013240799	-0.009634465	0.5937254	0.04269349	0.0	8.0	509.71120858192444
407	0.27192983	0.44495392	1.0	0.0	8.72807	0.17025161	0.00027716914	0.17035152	0.16947949	408000	-0.06061271	0.17488788	0.0010437444	-0.0045656264	0.726017	0.050947633	0.0	0.0	510.7680025100708
408	0.31304348	0.46373188	1.0	0.0	8.686956	0.2371553	0.00027702193	0.23725517	0.23638314	409000	-0.03854944	0.18895505	-0.0032853223	-0.001468122	0.64531106	-0.129057	0.0	79.0	511.982994556427
409	0.18584071	0.3889781	1.0	0.0	8.814159	0.275223	0.00027581057	0.27532193	0.2744499	410000	0.11478889	0.14069182	-0.023393929	-0.012909964	0.56352526	0.058872093	0.0	9.0	513.0428333282471
410	0.28070176	0.44934207	1.0	0.0	8.719298	0.16320162	0.00027724268	0.16330157	0.16242954	411000	-0.072987	0.18068165	0.0016781017	-0.0067861974	0.73494387	0.06593758	0.0	0.0	515.6909325122833
411	0.31304348	0.46373188	1.0	0.0	8.686956	0.24436389	0.00027729786	0.2444638	0.24359177	412000	-0.032357603	0.18845472	-0.0017022714	-0.00096824765	0.6320655	-0.11971468	0.486	79.0	516.8691687583923
412	0.28947368	0.45351815	1.0	0.0	8.710526	0.27503246	0.0002771483	0.27513233	0.2742603	413000	0.022785205	0.1777102	-0.009631864	-0.00043606758	0.5736535	0.039427307	0.0	12.0	517.9888942241669
413	0.2631579	0.44034737	1.0	0.0	8.736842	0.25439426	0.0002770749	0.25449407	0.25362206	414000	0.01864468	0.16719864	-0.00023245811	-0.0005785376	0.7286979	0.04888302	0.0	0.0	519.0084309577942
414	0.23684211	0.4251446	1.0	0.0	8.763158	0.23052987	0.0002760713	0.23062885	0.22975682	415000	0.020463688	0.15541421	-0.0014394335	-0.0005709827	0.6472583	0.0271657	0.0	37.0	520.2350778579712
415	0.24561404	0.43045068	1.0	0.0	8.754386	0.20669556	0.00027716914	0.2067955	0.20592347	416000	-0.00905858	0.15895268	-0.0012237532	-6.0379505e-05	0.66681206	-0.15308625	0.0	79.0	521.4197170734406
416	0.2982456	0.45748788	1.0	0.0	8.701755	0.21448037	0.00027724268	0.21458031	0.21370828	417000	-0.034618422	0.18281811	-0.00025918707	-0.0022185743	0.87393045	0.18533362	0.563	0.0	522.4329154491425
417	0.23684211	0.4251446	1.0	0.0	8.763158	0.26185498	0.00027625335	0.2619541	0.26108208	418000	0.044870272	0.1578916	-0.00016218051	-0.0030461699	0.8713162	0.18417728	0.571	0.0	523.4631898403168
418	0.19469027	0.3959621	1.0	0.0	8.805309	0.20633274	0.0002762561	0.20643182	0.20555979	419000	0.029998472	0.13388151	-0.00021721423	-0.0013813525	0.8674359	0.1833656	0.584	0.0	524.500979423523
419	0.3043478	0.4601307	1.0	0.0	8.695652	0.16881794	0.00027735298	0.16891792	0.1680459	420000	-0.09407581	0.19415438	-0.0028664544	-0.00975582	0.54846066	-0.001802371	0.0	79.0	525.742919921875
420	0.25438598	0.43551555	1.0	0.0	8.745614	0.26742694	0.00027707493	0.26752678	0.26665476	421000	0.037829455	0.16484202	-0.00035772845	-0.0020197034	0.70511204	0.021511387	0.0	4.0	528.4095766544342
421	0.3043478	0.46013066	1.0	0.0	8.695652	0.22251907	0.00027715074	0.22261894	0.2217469	422000	-0.041851882	0.18642974	9.5151365e-05	-0.0020314604	0.7146133	0.0253458	0.0	0.0	529.6134233474731
422	0.2631579	0.44034737	1.0	0.0	8.736842	0.2676855	0.00027707487	0.2677854	0.26691338	423000	0.03055329	0.16801319	-9.587407e-05	-0.0013905317	0.7168894	0.027074927	0.0	0.0	530.759260892868
423	0.22807017	0.4195881	1.0	0.0	8.77193	0.2301847	0.00027599733	0.23028369	0.22941166	424000	0.026595876	0.15165763	-0.0012302268	-0.0009878576	0.66696584	0.022844173	0.0	14.0	531.860063791275
424	0.32173914	0.46714354	1.0	0.0	8.678261	0.19844541	0.0002781866	0.19854617	0.19767414	425000	-0.07982609	0.19765817	-0.011952236	-0.007196471	0.67240757	-0.16369727	0.492	79.0	533.0626392364502
425	0.25438598	0.43551555	1.0	0.0	8.745614	0.28354794	0.00027689125	0.28364775	0.28277573	426000	0.07360341	0.1665494	-0.027279817	-0.0037224293	0.529339	0.05210375	0.0	11.0	534.0878720283508
426	0.3043478	0.4601307	1.0	0.0	8.695652	0.22243866	0.00027709553	0.22253858	0.22166654	427000	-0.041384943	0.18643723	0.0010028854	-0.0020386279	0.7386795	0.072275884	0.0	0.0	535.1803913116455
427	0.2631579	0.44034737	1.0	0.0	8.736842	0.26775807	0.0002772401	0.26785803	0.266986	428000	0.032776445	0.16801894	-0.00279136	-0.0013961345	0.6276725	0.025578437	0.0	23.0	536.3835783004761
428	0.24561404	0.43045068	1.0	0.0	8.754386	0.23012738	0.00027705875	0.23022729	0.22935526	429000	0.011858677	0.15913643	-0.00011627283	-0.00024391711	0.71668243	0.03320666	0.0	0.0	537.4304850101471
429	0.3043478	0.4601307	1.0	0.0	8.695652	0.21431665	0.00027705875	0.21441655	0.21354452	430000	-0.051302895	0.18723659	-0.0062480792	-0.0028375387	0.66083807	-0.15195026	0.511	79.0	538.6004595756531
430	0.22807017	0.4195881	1.0	0.0	8.77193	0.26824018	0.00027588443	0.26833913	0.2674671	431000	0.076341845	0.15549795	-0.022981275	-0.0048276633	0.5424575	0.04937678	0.0	11.0	541.41708111763
431	0.28070176	0.44934204	1.0	0.0	8.719298	0.19808842	0.00027704035	0.1981883	0.19731627	432000	-0.04336223	0.17614059	0.0009703897	-0.0022752583	0.72803456	0.057821885	0.0	0.0	542.4575486183167
432	0.28070176	0.44934204	1.0	0.0	8.719298	0.24628781	0.00027707714	0.24638768	0.24551564	433000	-0.0023922697	0.17384763	4.8555667e-05	-2.2351742e-07	0.75066733	0.0795933	0.0	0.0	543.4597444534302
433	0.33043477	0.4703697	1.0	0.0	8.669565	0.24607065	0.00027818658	0.24617137	0.24529934	434000	-0.04085033	0.19533071	0.0006936379	-0.00204131	0.77117264	0.09894359	0.0	0.0	544.4612505435944
434	0.33913043	0.47341418	1.0	0.0	8.66087	0.29191548	0.00027822074	0.29201627	0.29114425	435000	-0.009309761	0.1960457	0.00013979152	-5.5000186e-05	0.78829867	0.111602396	0.0	0.0	545.5476727485657
435	0.33043477	0.4703697	1.0	0.0	8.669565	0.2994287	0.00027838504	0.29952958	0.29865757	436000	0.0069781723	0.1933455	-0.0034328366	-6.4224005e-05	0.59382963	0.024201008	0.0	18.0	546.5900115966797
436	0.20353982	0.40263057	1.0	0.0	8.79646	0.29132313	0.0002761796	0.29142216	0.29055014	437000	0.10253992	0.15015516	-0.005611524	-0.012954414	0.6700882	0.032760832	0.0	7.0	547.6093692779541
437	0.3043478	0.4601307	1.0	0.0	8.695652	0.17640604	0.00027694833	0.17650588	0.17563385	438000	-0.086904146	0.19271311	-0.010690309	-0.0083146095	0.66099477	-0.15182903	0.461	79.0	548.7767021656036
438	0.23684211	0.4251446	1.0	0.0	8.763158	0.2675288	0.00027625335	0.26762792	0.2667559	439000	0.050661493	0.15855002	-6.908551e-05	-0.0037040561	0.8750365	0.18329789	0.552	0.0	549.8296537399292
439	0.27192983	0.44495392	1.0	0.0	8.72807	0.20679331	0.0002773346	0.20689328	0.20602125	440000	-0.022897242	0.17127624	-0.009587223	-0.0009739101	0.5407601	0.03399658	0.0	17.0	550.8909301757812
440	0.31304348	0.46373188	1.0	0.0	8.686956	0.23806307	0.00027704035	0.23816289	0.23729086	441000	-0.034939513	0.18888628	0.0003221631	-0.0013994426	0.7232682	0.04055155	0.0	0.0	553.5876858234406
441	0.27192983	0.44495392	1.0	0.0	8.72807	0.27570724	0.00027712996	0.27580714	0.27493513	442000	0.032284122	0.17169629	-0.0018734392	-0.0013962388	0.6552551	0.023072276	0.0	21.0	554.6870684623718
442	0.3043478	0.4601307	1.0	0.0	8.695652	0.23799516	0.00027715074	0.2380951	0.23722307	443000	-0.029191192	0.18527457	-0.00432859	-0.0008761287	0.6717267	-0.1611988	0.504	79.0	555.880357503891
443	0.24561404	0.43045068	1.0	0.0	8.754386	0.2679532	0.00027718506	0.2680531	0.2671811	444000	0.061715614	0.16174568	-0.023652617	-0.0028481632	0.53235674	0.05245173	0.0	12.0	556.9693777561188
444	0.25438598	0.43551555	1.0	0.0	8.745614	0.21390747	0.00027694833	0.21400729	0.21313526	445000	-0.010158187	0.1628891	-0.0011715693	-7.0914626e-05	0.65888834	-0.14199966	0.0	79.0	558.2356417179108
445	0.33043477	0.4703697	1.0	0.0	8.669565	0.22245249	0.00027811335	0.22255321	0.22168118	446000	-0.053598657	0.1980221	-0.00058669597	-0.0047237724	0.8606255	0.17105877	0.566	0.0	559.2412326335907
446	0.27192983	0.44495392	1.0	0.0	8.72807	0.29212582	0.00027689125	0.29222563	0.2913536	447000	0.0574319	0.17319056	-0.01922103	-0.0028844774	0.55334723	0.061802633	0.0	10.0	560.2530951499939
447	0.3478261	0.47628045	1.0	0.0	8.652174	0.23769313	0.00027833297	0.23779397	0.23692194	448000	-0.06805501	0.2034019	-0.0065182894	-0.0048003793	0.64919716	-0.13600115	0.469	79.0	561.4284093379974
448	0.25438598	0.43551555	1.0	0.0	8.745614	0.30776045	0.00027731346	0.3078604	0.3069884	449000	0.089226425	0.17008783	-0.023434326	-0.0072511584	0.5553673	0.06393852	0.0	11.0	562.4477672576904
449	0.25438598	0.43551555	1.0	0.0	8.745614	0.22224303	0.0002771691	0.22234292	0.22147089	450000	-0.0022553476	0.16281779	-9.144936e-05	0.0	0.64582443	-0.086601496	0.0	79.0	563.6096012592316
450	0.25438598	0.43551555	1.0	0.0	8.745614	0.22234167	0.00027694833	0.22244152	0.2215695	451000	-0.0042953957	0.16281778	4.2058527e-06	-4.4703484e-08	0.6060762	-0.07617052	0.0	79.0	566.5054442882538
451	0.3478261	0.47628045	1.0	0.0	8.652174	0.22235365	0.00027785686	0.22245431	0.22158228	452000	-0.087321475	0.2057631	-0.0007652715	-0.007149264	0.6103696	-0.08731083	0.444	79.0	567.7402293682098
452	0.19469027	0.3959621	1.0	0.0	8.805309	0.30759412	0.00027584753	0.30769312	0.3068211	453000	0.13211478	0.15160565	-0.018160328	-0.019023553	0.5998864	0.055633195	0.0	8.0	568.8331899642944
453	0.25438598	0.43551555	1.0	0.0	8.745614	0.17146009	0.00027724268	0.17156002	0.17068799	454000	-0.045426637	0.16540143	0.00094632804	-0.0025744587	0.74122804	0.070005804	0.0	0.0	569.9061136245728
454	0.23684211	0.4251446	1.0	0.0	8.763158	0.22152483	0.00027610827	0.22162388	0.22075185	455000	0.010711886	0.15506506	-0.0008255178	-0.00022210181	0.6284858	0.021325668	0.0	40.0	571.060818195343
455	0.33913043	0.47341418	1.0	0.0	8.66087	0.20677222	0.00027824152	0.20687301	0.20600098	456000	-0.08609838	0.20453201	-0.014065668	-0.008502439	0.6778489	-0.16742936	0.499	79.0	572.2807395458221
456	0.22807017	0.4195881	1.0	0.0	8.77193	0.2977691	0.0002757367	0.297868	0.296996	457000	0.110428736	0.16047339	-0.03345175	-0.009801418	0.52580297	0.06140149	0.0	11.0	573.5185251235962
457	0.22807017	0.4195881	1.0	0.0	8.77193	0.20022443	0.0002762561	0.20032348	0.19945145	458000	-0.0010292475	0.15067184	-2.2321125e-05	-2.130866e-06	0.6506543	-0.062179875	0.0	79.0	574.7543420791626
458	0.24561404	0.43045068	1.0	0.0	8.754386	0.19877571	0.00027729786	0.1988757	0.19800366	459000	-0.017519943	0.15913822	-0.0008913912	-0.0002452433	0.62922007	-0.11229887	0.0	79.0	575.9891786575317
459	0.21238938	0.40899897	1.0	0.0	8.787611	0.2142638	0.0002761822	0.21436286	0.21349083	460000	0.029390134	0.14251563	-0.008035786	-0.0008622706	0.5795929	0.03816113	0.0	13.0	577.0906066894531
460	0.28947368	0.45351818	1.0	0.0	8.710526	0.18512975	0.00027705875	0.18522964	0.18435761	461000	-0.061737172	0.18199332	0.0005305484	-0.0046794415	0.7238437	0.041409913	0.0	0.0	579.9033052921295
461	0.2631579	0.44034737	1.0	0.0	8.736842	0.2529536	0.00027703817	0.25305346	0.25218144	462000	0.018947082	0.16713144	-0.0011465028	-0.00051145256	0.655308	0.024837296	0.0	32.0	581.0295712947845
462	0.2631579	0.44034737	1.0	0.0	8.736842	0.23044205	0.00027709553	0.23054194	0.22966991	463000	-0.0019063642	0.166619	-0.00016032136	-1.937151e-07	0.66915655	-0.10459849	0.0	79.0	582.3305895328522
463	0.27192983	0.4449539	1.0	0.0	8.72807	0.23024243	0.00027724268	0.23034237	0.22947034	464000	-0.007870622	0.17035836	-0.0034356564	-6.195903e-05	0.5884081	-0.06335007	0.0	79.0	583.8679509162903
464	0.25438598	0.43551555	1.0	0.0	8.745614	0.23817927	0.00027715074	0.2382792	0.23740716	465000	0.011895142	0.16306677	-0.0009601228	-0.0002489686	0.6281695	0.022300677	0.0	34.0	585.0053770542145
465	0.25438598	0.43551555	1.0	0.0	8.745614	0.22220273	0.00027711396	0.22230259	0.22143055	466000	-0.002143116	0.16281757	6.996095e-06	-8.940697e-08	0.7123291	0.022879155	0.0	0.0	586.0820882320404
466	0.39655173	0.4891814	1.0	0.0	8.603448	0.2223541	0.00027927058	0.22245578	0.22158375	467000	-0.1212223	0.22938934	-0.017907739	-0.016848236	0.67118996	-0.16277774	0.522	79.0	587.3347375392914
467	0.31304348	0.46373188	1.0	0.0	8.686956	0.35169253	0.0002768545	0.35179234	0.35092032	468000	0.086448014	0.1932829	-0.031018153	-0.0057920516	0.5315916	0.06951469	0.0	11.0	588.4469907283783
